light1
2.927747
3.6035585
3.3895903
3.5888953
2.9261773
3.591704
3.3942268
3.3719664
3.2487628
3.2250876
3.2536447
2.9832308
3.3391058
3.3864255
3.1120408
2.9761014
2.928527
2.6846735
2.023126
2.5207334
3.0629725
3.0534792
3.0964603
2.892404
3.0974443
2.8800428
3.110904
3.4804268
2.9898863
3.186982
deep2
6.3255396
6.8756156
6.462159
6.906125
6.313643
6.8577785
6.385202
6.5446444
6.3347864
6.3419952
6.3982396
6.6214137
6.7929697
6.8809457
6.8451858
5.6550126
5.489316
5.7080293
4.468345
4.9984684
5.817681
5.8674664
5.618542
5.6612797
5.620974
5.6383286
5.612648
6.237295
5.6756763
5.7356033
medium3
3.7205966
4.426841
3.8984294
4.4108715
3.7099535
4.4367642
3.910706
4.013248
4.043927
4.052743
4.070724
4.2054405
4.1227465
4.2162294
4.0882773
3.8035696
3.7236068
3.7535975
3.4092371
3.574503
3.2991273
3.33462
3.8167145
3.998964
3.8484213
3.9572823
3.8300955
3.7923684
3.7868419
3.893575
light4
2.8569632
3.139773
2.946983
3.1304862
2.8734257
3.1301804
2.9407828
2.9805942
2.8819847
2.8772607
2.894674
2.8859482
3.0306509
2.9689667
2.9160757
3.0746832
2.8895028
2.9932125
2.6770349
2.7343807
2.7755291
2.7762208
3.0064318
2.9977965
3.0022016
3.0162697
2.9849396
3.0936887
3.0857892
2.9585252
medium5
3.709005
3.9720755
3.55476
3.9713159
3.7007046
3.9854562
3.570763
3.81411
3.577994
3.5867412
3.6021504
3.666613
3.7877328
3.7228086
3.7341237
3.586158
3.464554
3.24345
3.0854557
3.031884
2.9240184
2.9355347
3.3851993
3.392427
3.4095166
3.3881023
3.385526
3.4510877
3.5908794
3.5634747
