light1
1.9259326
1.9349661
1.9423757
1.9258988
1.9257287
1.9249606
1.9534839
1.8384947
2.029184
2.0141034
2.0260813
1.8156923
1.911977
1.8983816
1.7312922
1.8953998
1.7910483
1.3822064
1.2864205
1.2999659
1.7461561
1.7416235
1.7039033
1.868068
1.7059991
1.868859
1.7104818
1.9513419
1.9092441
1.8568343
deep2
3.6900039
3.8514686
3.7380068
3.8817248
3.6902535
3.8373528
3.702689
3.7538018
3.7392194
3.7492886
3.7538683
3.780354
3.8896675
3.8403661
3.8246198
3.4974983
3.4553916
3.5434608
2.9425774
3.1409404
3.6900027
3.7335126
3.4745255
3.512524
3.4690654
3.514778
3.4601622
3.8271878
3.5072541
3.5239205
medium3
2.4289098
2.4840403
2.4094832
2.4777067
2.425564
2.4899545
2.428897
2.3809114
2.4318156
2.4403772
2.4324765
2.381381
2.4368677
2.4269938
2.4230032
2.57281
2.4240832
2.4471047
2.3637679
2.4267182
2.3527997
2.3867695
2.5453577
2.5117836
2.557492
2.5006456
2.539545
2.486244
2.5465631
2.4835277
light4
1.9666526
1.9892205
1.9878166
1.9829898
1.982584
1.9814484
1.9903079
1.9084259
1.9425813
1.9406968
1.943803
1.8732564
1.9549301
1.8966374
1.8611099
2.2572315
2.0191538
2.1974714
2.113371
2.0936296
2.179565
2.1855545
2.1963212
2.1355171
2.188626
2.1605835
2.1763935
2.2443361
2.2664654
2.0690248
medium5
2.496048
2.4474905
2.384254
2.4454293
2.491133
2.4523218
2.4188225
2.436467
2.3456743
2.3558903
2.3467155
2.2489803
2.4199638
2.2882164
2.3305154
2.766285
2.4855793
2.5003667
2.562855
2.455245
2.415593
2.4318714
2.56619
2.5200183
2.5822523
2.5371106
2.5572708
2.6503532
2.769215
2.570122
