deep6
2.2200263
2.1131601
1.8784144
1.7242938
1.6016502
1.6496774
2.2527833
2.1596355
1.8731179
2.1113217
1.5025662
1.698733
1.9976401
1.6928831
2.2219787
1.7833207
2.3636692
1.9400377
1.1373576
1.7994711
2.068744
2.1210148
1.5092531
1.7212105
1.6642133
2.24567
1.670189
2.119753
2.0299351
1.8951328
2.3121517
light7
1.4637896
1.397389
1.3956417
1.3663334
1.4662256
1.5781071
1.435288
1.4171613
1.3428926
1.3628275
1.3591366
1.433489
1.3878202
1.4515135
1.4196599
1.434522
1.5077835
1.4250038
1.1715361
1.3909837
1.5116307
1.4071717
1.3403233
1.4198958
1.3932034
1.410819
1.4088013
1.480508
1.4848984
1.5876714
1.5319439
medium8
1.666992
1.4975274
1.5100992
1.4680227
1.6978121
1.8372269
1.5994772
1.5733511
1.4623266
1.4944674
1.4534389
1.6005657
1.4874177
1.6136826
1.5974296
1.6027668
1.7025212
1.6331578
1.2937442
1.5894278
1.6616299
1.6237009
1.4880949
1.6378751
1.568873
1.6265322
1.4887141
1.6405249
1.5324231
1.8819886
1.725738
deep9
2.2504268
1.9906155
1.9771636
1.8844861
2.3113594
2.3142552
2.2475607
2.1529891
1.9751877
2.0849314
2.0596719
2.181915
1.9796513
2.1049228
2.1959944
2.104335
2.3042426
2.1369514
1.5195563
2.1533382
2.316798
2.1983483
2.1737971
2.2228553
2.359727
2.2690856
2.017506
2.1943054
2.031892
2.3979983
2.2485554
medium10
2.068804
1.9226097
2.0164127
1.8631775
2.1573777
2.1743388
1.9985507
2.0006764
1.884203
1.9756716
1.465666
2.056964
1.882588
2.0490074
1.9604452
2.14464
2.0307353
2.110864
1.2121333
2.0806823
2.046217
2.0828125
1.5991906
2.0206685
1.5799279
2.0938654
1.7377368
2.050986
1.9179583
2.49254
2.0497313
light11
1.80587
1.6230212
1.67013
1.5985382
1.7247872
1.8120928
1.7724279
1.665533
1.6724542
1.6792339
1.492157
1.8353637
1.6109184
1.7655827
1.7671655
1.7180816
1.8261261
1.596269
1.2313366
1.6909757
1.8207389
1.6222513
1.5303936
1.719568
1.6700724
1.6773194
1.5893943
1.6645591
1.647871
2.0754158
1.8222384
