deep6
3.1902287
2.8978844
2.4164276
2.1962976
1.8746967
1.8328098
3.2434123
3.1025546
2.426255
3.0232468
1.6684864
2.0090666
2.5655966
2.021593
3.2655492
2.2088473
3.4077888
2.5576158
1.2584329
2.2909431
2.7249315
2.8421795
1.7045791
2.0586243
1.8678341
3.189225
1.9358072
2.8035405
2.4704032
2.278855
3.2109716
light7
2.326898
2.0874028
1.9322804
1.8305306
1.7707387
1.711153
2.234204
2.204903
1.8457425
2.1094103
1.4772513
1.7186766
1.866226
1.7818831
2.166368
1.9278016
2.316988
2.0245001
1.2883753
1.8601329
2.174266
2.063087
1.4703758
1.7083126
1.5394765
2.1917202
1.6400626
2.163118
1.9182582
1.9565831
2.2599823
medium8
2.633893
2.2632837
2.1864924
2.0101926
2.2116098
2.0896654
2.4838698
2.477196
2.000527
2.3648868
1.63139
2.0017767
2.0097694
2.0277054
2.4697552
2.2194977
2.632024
2.364684
1.4918067
2.1911247
2.478978
2.351554
1.6926361
2.008357
1.791982
2.5817783
1.7924474
2.4399977
2.028401
2.4898787
2.6206408
deep9
4.5232816
3.6909819
3.530215
3.125759
3.7690623
3.2258918
4.3552985
4.2451487
3.2532883
4.0623283
2.9136486
3.5939388
3.1847036
3.4575016
4.25949
3.7154617
4.500271
3.8951037
2.141688
3.6936042
4.123746
3.8127704
2.9361022
3.3143308
3.3419313
4.3416915
2.873452
4.1625814
3.1807055
4.3334465
4.4175324
medium10
2.947997
2.593463
2.5654743
2.283625
2.5319512
2.4253674
2.7209842
2.8115416
2.2349997
2.691744
1.5865179
2.4008424
2.238564
2.4030468
2.6763732
2.790619
2.9140782
2.9459429
1.3653697
2.797427
2.9105318
2.9495385
1.7891885
2.4422038
1.7623304
3.1818168
1.973442
2.8864663
2.3197644
3.178312
2.9153807
light11
2.3150413
2.1164317
2.0923991
1.9355608
1.9572738
1.9752845
2.2015164
2.2108574
1.918832
2.1464474
1.5707511
2.031074
1.8702847
1.9751967
2.1974478
2.1451087
2.3801599
2.1360178
1.3407236
2.120234
2.4147737
2.182406
1.6493859
1.9684672
1.7918533
2.382701
1.7672974
2.2004642
1.9733266
2.4339054
2.3624609
