light1
2.4445214
2.8461504
2.6854103
2.8417957
2.4452224
2.8465877
2.6806173
2.7406678
2.554493
2.5505712
2.5603302
2.471532
2.6806498
2.737743
2.613952
2.4146547
2.423999
2.5595675
2.051883
2.4611335
2.5797746
2.5778692
2.6159003
2.3451452
2.6181047
2.33523
2.6239514
2.8247192
2.420601
2.5502868
deep2
5.6832294
6.2476206
5.8624363
6.261246
5.6846933
6.2396493
5.795471
5.917984
5.773918
5.773687
5.8342247
6.082713
6.1709805
6.308056
6.177058
5.1664457
4.968223
5.188299
4.161267
4.6595016
5.216833
5.237396
5.149488
5.14695
5.1492033
5.1117277
5.1406274
5.620407
5.1823297
5.2399197
medium3
3.5202365
4.056499
3.6068974
4.0455
3.514161
4.0644274
3.6008914
3.7372787
3.7783473
3.7741723
3.7984593
3.9359372
3.8229516
3.9164414
3.795607
3.5755515
3.4373689
3.410881
3.157666
3.2367716
3.0021708
3.01668
3.4192147
3.5885112
3.4418356
3.5519078
3.4352465
3.3909767
3.5666332
3.5596735
light4
2.705137
3.028678
2.8530798
3.0262752
2.710402
3.0255764
2.8508873
2.9636655
2.7711344
2.7654219
2.78499
2.8262453
2.9487176
2.9029984
2.9180188
2.793262
2.8084407
2.7631733
2.4117837
2.5371213
2.5273197
2.5284274
2.755016
2.7790122
2.7633107
2.7821693
2.7611542
2.8210657
2.798727
2.827587
medium5
3.5780132
3.79245
3.4238224
3.7975082
3.5756752
3.8002663
3.4287248
3.6524816
3.452668
3.4509146
3.472476
3.5564518
3.636435
3.6073656
3.623445
3.3791552
3.3251607
3.0034392
2.8677053
2.7928612
2.6894815
2.7100344
3.1344929
3.1615317
3.1537724
3.152054
3.1449568
3.165583
3.3877053
3.3680863
