light1
1.5180107
1.4442124
1.4387112
1.4409506
1.5181246
1.4421955
1.4462332
1.4027045
1.5222086
1.5283442
1.5184964
1.4163855
1.4504507
1.4364165
1.3634795
1.4517564
1.3735931
1.2282944
1.1814418
1.1921917
1.3737377
1.3783141
1.3534467
1.4338307
1.3553698
1.4412358
1.3550903
1.4730159
1.4590045
1.3880135
deep2
3.1571956
3.301469
3.2326546
3.3182635
3.1673918
3.2926087
3.20015
3.2125945
3.2164404
3.2180185
3.228564
3.244241
3.3307142
3.3038993
3.2540054
3.0827456
2.9985933
3.0687454
2.6272712
2.793247
3.1625059
3.184179
3.0474775
3.045697
3.0388708
3.038685
3.031989
3.250227
3.089684
3.0911188
medium3
2.1217175
2.1554718
2.0634723
2.1558356
2.119486
2.162954
2.068175
2.0788913
2.100057
2.0983384
2.095548
2.077647
2.1112309
2.094231
2.090333
2.2852306
2.0892606
2.1421378
2.111866
2.1426077
2.1007855
2.1216161
2.1852045
2.1800313
2.1920063
2.1695204
2.180646
2.157404
2.2659702
2.128422
light4
1.7077616
1.6935126
1.6909635
1.6920545
1.7162316
1.6901046
1.6972322
1.6542996
1.676216
1.6742663
1.6726339
1.647478
1.6705372
1.658499
1.6314901
1.9197744
1.7210063
1.8716985
1.8383799
1.8245077
1.8459629
1.853681
1.8288431
1.8084908
1.824458
1.8205965
1.8259003
1.849336
1.9223063
1.736969
medium5
2.2375414
2.1806762
2.1382291
2.1806545
2.2383218
2.1810577
2.1650298
2.1654108
2.1072617
2.1060596
2.1003985
2.0345404
2.1557622
2.0645628
2.0938618
2.471324
2.250141
2.222005
2.330423
2.195858
2.1583169
2.1839457
2.2739038
2.263391
2.283238
2.2782373
2.274383
2.3284786
2.4771063
2.2782724
