0 2 
16 1 0 31 0 7 33 0 8 0 12 5 0 31 0 7 4 0 37 0 6 20 0 22 0 
0 3 
22 1 15 10 0 8 27 4 9 0 7 6 27 8 0 12 13 16 7 0 8 16 10 14 0 
0 4 
27 6 15 0 0 5 39 4 0 0 8 18 22 0 0 14 13 21 0 0 9 29 10 0 0 
0 5 
28 2 18 0 0 10 31 7 0 0 11 6 31 0 0 16 15 17 0 0 9 22 16 0 1 
0 6 
42 0 0 6 0 16 30 0 2 0 40 4 0 4 0 37 1 0 10 0 31 13 0 4 0 
0 7 
38 1 5 0 4 10 22 2 0 14 21 2 21 0 4 20 13 7 0 8 15 10 7 0 16 
0 8 
31 1 16 0 0 12 29 7 0 0 9 5 34 0 0 25 4 19 0 0 8 19 21 0 0 
0 9 
23 8 15 0 2 3 34 1 0 10 6 21 19 0 2 4 26 15 0 3 3 25 9 0 11 
0 10 
25 1 18 0 4 11 12 8 0 17 8 1 35 0 4 11 6 23 0 8 10 6 22 0 10 
0 11 
23 7 18 0 0 13 25 10 0 0 7 6 35 0 0 13 13 22 0 0 7 18 20 3 0 
0 12 
21 4 22 1 0 5 19 16 8 0 14 2 30 2 0 8 9 30 1 0 6 10 27 5 0 
0 13 
30 3 15 0 0 4 34 4 6 0 6 7 33 2 0 9 14 21 4 0 9 19 15 5 0 
0 14 
21 3 24 0 0 7 36 5 0 0 7 13 28 0 0 9 16 23 0 0 4 27 17 0 0 
0 15 
34 8 6 0 0 6 41 1 0 0 20 13 15 0 0 22 17 9 0 0 11 26 11 0 0 
0 16 
29 4 15 0 0 13 29 4 0 2 25 5 18 0 0 24 6 18 0 0 20 18 9 0 1 
0 17 
44 2 0 1 1 26 17 0 0 5 39 6 0 2 1 39 4 0 2 3 22 16 0 2 8 
0 18 
38 6 4 0 0 9 27 1 0 11 2 23 23 0 0 14 20 10 0 4 7 30 3 0 8 
0 19 
21 0 14 0 13 0 0 9 23 16 2 0 13 11 22 0 0 15 18 15 1 0 7 24 16 
0 20 
40 0 8 0 0 4 0 33 0 11 10 0 36 0 2 13 0 32 0 3 4 0 33 0 11 
0 21 
23 10 15 0 0 1 25 22 0 0 1 11 36 0 0 2 10 36 0 0 0 15 33 0 0 
0 23 
10 5 0 33 0 0 26 0 22 0 5 10 0 33 0 2 0 0 46 0 0 10 0 38 0 
0 24 
22 8 18 0 0 1 15 23 9 0 8 4 34 2 0 2 5 23 18 0 4 4 24 16 0 
0 25 
17 11 20 0 0 1 34 13 0 0 5 20 22 0 1 6 22 19 0 1 4 19 19 0 6 
0 26 
18 12 18 0 0 1 35 11 0 1 7 26 15 0 0 7 25 16 0 0 4 36 7 0 1 
0 27 
19 17 10 0 2 2 14 8 0 24 5 21 14 0 8 6 11 13 0 18 9 20 8 0 11 
0 28 
34 7 7 0 0 8 21 3 0 16 11 18 14 0 5 10 20 14 0 4 10 21 5 0 12 
0 29 
27 11 10 0 0 5 33 9 0 1 14 22 12 0 0 12 17 18 0 1 13 21 9 0 5 
0 30 
25 5 18 0 0 6 37 5 0 0 10 17 21 0 0 16 14 18 0 0 16 22 10 0 0 
0 31 
38 0 0 6 4 21 4 0 3 20 36 0 0 5 7 32 1 0 7 8 19 4 0 9 16 
0 32 
37 1 10 0 0 14 29 4 0 1 12 17 19 0 0 12 22 13 0 1 10 28 6 0 4 
1 2 
31 2 0 14 1 8 19 0 14 7 18 1 0 25 4 20 2 0 24 2 13 11 0 20 4 
1 3 
18 1 23 6 0 5 19 10 14 0 8 5 25 10 0 11 7 18 12 0 6 13 19 10 0 
1 4 
21 10 17 0 0 7 32 9 0 0 7 11 30 0 0 18 17 13 0 0 4 21 23 0 0 
1 5 
21 3 24 0 0 8 30 10 0 0 10 10 28 0 0 16 14 18 0 0 12 21 15 0 0 
1 6 
44 1 0 3 0 24 21 0 3 0 43 2 0 3 0 31 1 0 16 0 32 13 0 3 0 
1 7 
44 1 1 0 2 12 19 4 0 13 18 4 17 0 9 25 12 6 0 5 15 9 12 0 12 
1 8 
31 0 17 0 0 11 8 12 0 17 12 4 30 0 2 24 3 13 0 8 4 12 26 0 6 
1 9 
20 7 21 0 0 10 36 2 0 0 8 20 20 0 0 5 31 12 0 0 1 27 20 0 0 
1 10 
23 2 16 0 7 10 19 9 0 10 6 6 30 0 6 3 15 16 0 14 5 14 23 0 6 
1 11 
24 1 16 7 0 10 9 15 14 0 9 1 32 6 0 6 6 19 17 0 8 7 24 9 0 
1 12 
22 5 21 0 0 9 19 20 0 0 7 4 37 0 0 6 15 27 0 0 7 12 29 0 0 
1 13 
24 6 18 0 0 7 33 8 0 0 3 12 33 0 0 12 23 13 0 0 3 21 24 0 0 
1 14 
36 3 9 0 0 9 33 6 0 0 14 13 21 0 0 22 14 12 0 0 11 21 16 0 0 
1 15 
34 5 7 0 2 11 22 2 0 13 13 6 22 0 7 15 12 10 0 11 11 15 18 0 4 
1 16 
41 1 6 0 0 17 13 6 0 12 22 1 19 0 6 29 5 11 0 3 17 10 13 0 8 
1 17 
27 1 3 17 0 11 5 1 31 0 21 2 9 16 0 18 6 3 21 0 16 10 4 18 0 
1 18 
25 13 8 0 2 9 21 3 0 15 5 16 20 0 7 5 20 7 0 16 6 9 13 0 20 
1 19 
19 0 17 2 10 1 0 9 25 13 0 0 17 11 20 0 0 11 21 16 1 0 13 15 19 
1 20 
46 0 2 0 0 7 0 17 0 24 14 0 17 0 17 8 0 16 0 24 5 0 15 0 28 
1 21 
13 11 24 0 0 2 25 21 0 0 1 8 39 0 0 0 11 37 0 0 0 14 34 0 0 
1 23 
14 5 0 29 0 2 28 0 18 0 1 12 0 35 0 2 11 0 35 0 0 13 0 35 0 
1 24 
20 1 0 27 0 5 16 0 26 1 2 4 0 41 1 4 0 0 44 0 2 4 0 39 3 
1 25 
34 6 8 0 0 11 26 11 0 0 16 16 16 0 0 17 17 12 0 2 9 18 16 0 5 
1 26 
20 7 0 21 0 4 25 0 11 8 7 13 0 24 4 10 19 0 12 7 5 16 0 14 13 
1 27 
8 13 26 0 1 2 26 14 0 6 3 18 20 0 7 1 16 19 0 12 1 17 15 0 15 
1 28 
27 12 9 0 0 11 20 6 0 11 12 15 16 0 5 11 24 6 0 7 10 16 8 0 14 
1 29 
21 2 10 15 0 6 18 8 16 0 9 7 13 19 0 6 19 10 13 0 5 15 8 20 0 
1 30 
28 15 5 0 0 7 41 0 0 0 21 21 6 0 0 21 22 5 0 0 11 29 8 0 0 
1 31 
40 0 3 0 5 18 9 2 0 19 28 2 8 0 10 26 2 4 0 16 24 10 3 0 11 
1 32 
29 8 11 0 0 12 27 8 0 1 12 16 20 0 0 5 30 9 0 4 7 24 12 0 5 
2 2 
18 1 29 0 0 6 26 16 0 0 8 4 36 0 0 7 5 36 0 0 7 15 26 0 0 
2 3 
28 3 17 0 0 16 24 8 0 0 16 9 22 0 1 16 12 20 0 0 8 16 23 0 1 
2 4 
25 11 12 0 0 6 31 11 0 0 11 14 23 0 0 15 17 16 0 0 4 22 22 0 0 
2 5 
35 0 4 9 0 14 20 2 12 0 21 8 12 7 0 16 8 7 17 0 14 13 13 8 0 
2 6 
43 0 0 5 0 21 25 0 2 0 39 6 0 3 0 33 5 0 10 0 34 13 0 1 0 
2 7 
33 2 2 0 11 10 23 3 0 12 20 6 11 0 11 17 16 7 0 8 14 13 8 0 13 
2 8 
34 0 13 0 1 12 8 11 0 17 14 2 29 0 3 24 7 14 0 3 7 9 27 0 5 
2 9 
25 2 15 0 6 9 23 5 0 11 5 8 22 0 13 9 14 12 0 13 5 12 18 0 13 
2 10 
24 6 15 0 3 8 16 10 0 14 8 5 26 0 9 7 13 16 0 12 9 6 24 0 9 
2 11 
25 4 16 3 0 14 6 9 19 0 11 5 25 7 0 11 5 15 17 0 7 7 28 6 0 
2 12 
21 0 19 8 0 4 11 14 19 0 7 4 26 11 0 9 7 17 15 0 7 3 29 9 0 
2 13 
30 4 11 3 0 3 19 7 19 0 6 7 26 9 0 8 12 17 11 0 9 15 19 5 0 
2 14 
36 5 7 0 0 13 30 5 0 0 15 14 19 0 0 15 16 17 0 0 12 23 13 0 0 
2 15 
32 9 7 0 0 11 36 1 0 0 13 14 21 0 0 15 27 6 0 0 11 19 18 0 0 
2 16 
39 1 7 0 1 16 13 3 0 16 25 4 14 0 5 32 3 6 0 7 15 5 18 0 10 
2 17 
23 16 9 0 0 11 31 5 1 0 13 19 14 2 0 15 24 6 3 0 11 20 12 5 0 
2 18 
29 15 4 0 0 10 30 4 0 4 9 21 16 0 2 7 31 5 0 5 5 30 9 0 4 
2 19 
15 0 17 0 16 1 17 11 0 19 1 11 17 0 19 0 22 13 0 13 2 17 14 0 15 
2 20 
42 0 6 0 0 10 0 20 0 18 10 0 30 0 8 12 0 21 0 15 5 0 25 0 18 
2 21 
18 13 17 0 0 0 22 26 0 0 1 11 36 0 0 4 12 32 0 0 4 9 35 0 0 
2 23 
10 9 0 28 1 0 14 0 20 14 3 9 0 33 3 2 5 0 37 4 2 4 0 37 5 
2 24 
10 6 0 32 0 1 27 0 20 0 3 9 0 36 0 3 6 0 39 0 3 10 0 35 0 
2 25 
13 10 25 0 0 2 23 22 0 1 3 19 26 0 0 5 15 26 0 2 6 15 24 0 3 
2 26 
25 12 11 0 0 12 19 6 0 11 11 23 11 0 3 13 23 7 0 5 8 29 6 0 5 
2 27 
9 18 21 0 0 2 20 17 0 9 6 17 21 0 4 1 19 19 0 9 4 19 14 0 11 
2 28 
22 0 11 15 0 10 0 4 23 11 10 0 15 19 4 19 0 6 18 5 10 0 7 24 7 
2 29 
12 14 22 0 0 2 25 20 0 1 8 19 21 0 0 3 22 21 0 2 4 18 23 0 3 
2 30 
16 15 17 0 0 5 35 8 0 0 7 21 20 0 0 8 21 19 0 0 6 25 17 0 0 
2 31 
39 3 0 6 0 18 20 2 8 0 27 7 6 8 0 30 9 4 5 0 22 13 5 8 0 
2 32 
28 8 12 0 0 11 24 5 0 8 8 20 17 0 3 5 29 8 0 6 6 21 11 0 10 
3 2 
8 2 38 0 0 2 31 15 0 0 4 5 39 0 0 5 8 35 0 0 3 21 24 0 0 
3 3 
32 11 5 0 0 13 33 0 0 2 13 19 16 0 0 16 26 5 0 1 20 23 2 0 3 
3 4 
27 4 17 0 0 14 27 7 0 0 11 8 29 0 0 28 11 9 0 0 8 20 20 0 0 
3 5 
31 11 6 0 0 12 34 2 0 0 16 16 16 0 0 18 28 2 0 0 19 28 1 0 0 
3 6 
43 0 0 5 0 20 26 0 2 0 44 2 0 2 0 29 3 0 16 0 28 16 0 4 0 
3 7 
41 0 3 0 4 10 25 4 0 9 19 4 17 0 8 19 15 4 0 10 21 11 1 0 15 
3 8 
22 8 18 0 0 8 35 5 0 0 13 10 25 0 0 23 16 9 0 0 5 25 18 0 0 
3 9 
16 2 22 0 8 7 27 4 0 10 4 10 25 0 9 11 18 9 0 10 2 15 14 0 17 
3 10 
23 3 14 8 0 8 22 8 10 0 5 4 32 7 0 10 17 11 10 0 6 18 17 7 0 
3 11 
15 9 24 0 0 3 29 16 0 0 9 9 30 0 0 5 25 18 0 0 4 28 16 0 0 
3 12 
14 1 20 13 0 6 13 11 18 0 6 3 28 11 0 7 9 12 20 0 4 11 18 15 0 
3 13 
19 11 18 0 0 3 35 10 0 0 3 15 30 0 0 6 28 14 0 0 7 27 14 0 0 
3 14 
36 4 8 0 0 12 31 5 0 0 15 12 20 0 1 19 19 10 0 0 16 26 5 0 1 
3 15 
15 5 20 8 0 4 26 6 12 0 7 9 24 8 0 9 15 12 12 0 7 16 14 11 0 
3 16 
31 5 12 0 0 14 25 9 0 0 20 8 20 0 0 26 13 9 0 0 12 24 12 0 0 
3 17 
23 16 9 0 0 10 29 9 0 0 12 16 20 0 0 19 22 7 0 0 10 30 8 0 0 
3 18 
31 9 8 0 0 10 23 11 0 4 6 21 19 0 2 11 27 6 0 4 7 24 11 0 6 
3 19 
18 0 26 0 4 1 0 32 0 15 3 0 41 0 4 3 0 36 0 9 0 0 39 0 9 
3 20 
37 0 10 0 1 11 0 18 0 19 7 0 19 0 22 10 0 18 0 20 5 0 18 0 25 
3 21 
18 13 17 0 0 0 19 29 0 0 2 11 35 0 0 2 12 34 0 0 2 16 30 0 0 
3 23 
19 4 0 25 0 4 16 0 28 0 3 5 0 40 0 5 5 0 38 0 3 9 0 36 0 
3 24 
27 1 19 1 0 6 9 26 7 0 8 2 32 6 0 6 3 28 11 0 7 2 20 19 0 
3 25 
24 7 17 0 0 6 21 20 0 1 7 14 26 0 1 11 17 19 0 1 6 21 15 0 6 
3 26 
42 6 0 0 0 20 27 0 0 1 25 22 0 0 1 27 21 0 0 0 15 31 0 0 2 
3 27 
14 12 22 0 0 2 20 25 1 0 2 17 29 0 0 5 22 21 0 0 3 26 16 3 0 
3 28 
29 12 7 0 0 16 27 4 0 1 7 23 18 0 0 17 21 10 0 0 9 30 6 0 3 
3 29 
20 16 12 0 0 6 21 20 0 1 6 16 26 0 0 6 22 18 0 2 7 23 13 0 5 
3 30 
14 9 25 0 0 9 26 13 0 0 9 18 21 0 0 10 21 17 0 0 9 27 12 0 0 
3 31 
18 6 24 0 0 8 20 17 0 3 12 7 25 0 4 17 12 18 0 1 6 18 17 0 7 
3 32 
29 6 13 0 0 12 24 7 0 5 5 19 23 0 1 13 18 11 0 6 5 17 12 0 14 
4 2 
13 0 33 0 2 2 20 17 0 9 4 1 40 0 3 6 1 36 0 5 3 10 30 0 5 
4 3 
33 6 5 0 4 9 16 1 0 22 21 5 11 0 11 17 12 3 0 16 15 16 5 0 12 
4 4 
27 2 19 0 0 11 22 13 0 2 10 7 31 0 0 23 9 15 0 1 8 18 22 0 0 
4 5 
39 3 6 0 0 15 27 5 0 1 26 9 13 0 0 27 18 3 0 0 21 22 5 0 0 
4 6 
44 0 0 4 0 21 26 0 1 0 40 2 0 6 0 28 3 0 17 0 30 13 0 5 0 
4 7 
41 1 4 0 2 11 18 3 0 16 23 5 13 0 7 25 7 4 0 12 15 10 9 0 14 
4 8 
32 0 16 0 0 11 7 15 0 15 10 3 33 0 2 22 1 18 0 7 7 11 24 0 6 
4 9 
21 3 19 0 5 7 24 4 0 13 6 4 28 0 10 9 19 9 0 11 3 14 18 0 13 
4 10 
25 1 18 4 0 12 7 9 20 0 7 2 34 5 0 8 3 23 14 0 14 4 17 13 0 
4 11 
20 7 15 6 0 5 20 10 13 0 8 7 29 4 0 7 15 18 8 0 7 17 15 9 0 
4 12 
18 16 14 0 0 7 35 6 0 0 5 16 27 0 0 6 23 19 0 0 8 21 19 0 0 
4 13 
27 6 14 1 0 9 26 3 10 0 7 4 33 4 0 8 16 18 6 0 10 16 19 3 0 
4 14 
24 3 21 0 0 4 33 11 0 0 9 12 27 0 0 14 16 18 0 0 7 23 18 0 0 
4 15 
33 10 5 0 0 9 36 3 0 0 12 11 25 0 0 14 24 10 0 0 12 25 11 0 0 
4 16 
23 2 20 0 3 7 17 11 0 13 9 3 34 0 2 20 3 24 0 1 11 11 18 0 8 
4 17 
19 1 16 12 0 14 10 1 23 0 10 3 22 13 0 18 1 12 17 0 11 9 5 23 0 
4 18 
29 6 12 0 1 7 29 3 0 9 7 21 16 0 4 7 22 9 0 10 6 19 12 0 11 
4 19 
20 2 13 0 13 5 17 8 0 18 1 9 19 0 19 2 27 9 0 10 0 22 10 0 16 
4 20 
43 0 5 0 0 5 0 30 0 13 8 0 31 0 9 7 0 30 0 11 7 0 23 0 18 
4 21 
29 6 0 0 13 11 7 0 0 30 7 4 0 0 37 3 2 0 0 43 5 3 0 0 40 
4 23 
13 7 0 27 1 2 18 0 22 6 3 5 0 37 3 4 3 0 37 4 1 5 0 37 5 
4 24 
20 8 0 20 0 9 28 0 11 0 6 9 0 33 0 1 9 0 38 0 4 7 0 37 0 
4 25 
12 11 25 0 0 4 27 17 0 0 4 19 25 0 0 3 22 21 0 2 1 19 24 0 4 
4 26 
20 3 24 0 1 6 24 11 0 7 3 15 23 0 7 7 21 16 0 4 6 25 12 0 5 
4 27 
16 5 27 0 0 6 19 21 0 2 6 13 29 0 0 4 18 22 0 4 1 14 30 0 3 
4 28 
25 0 16 7 0 5 0 6 30 7 9 0 10 23 6 8 0 10 22 8 2 0 13 24 9 
4 29 
10 14 24 0 0 4 31 13 0 0 2 22 24 0 0 2 25 19 0 2 1 22 23 0 2 
4 30 
14 18 16 0 0 0 41 7 0 0 3 27 18 0 0 1 27 20 0 0 7 25 16 0 0 
4 31 
22 0 22 0 4 14 3 5 0 26 20 2 20 0 6 17 2 14 0 15 19 4 6 0 19 
4 32 
31 8 9 0 0 12 26 6 0 4 10 17 19 0 2 16 21 5 0 6 8 15 11 0 14 
5 2 
17 3 28 0 0 5 24 19 0 0 9 3 36 0 0 6 8 34 0 0 8 21 19 0 0 
5 3 
23 6 19 0 0 12 27 7 0 2 11 16 20 0 1 11 26 9 0 2 7 19 18 0 4 
5 4 
28 0 20 0 0 16 21 11 0 0 18 3 27 0 0 19 15 14 0 0 16 13 19 0 0 
5 5 
27 1 20 0 0 10 27 10 0 1 12 13 23 0 0 15 19 12 0 2 8 22 16 0 2 
5 6 
18 1 29 0 0 8 23 17 0 0 9 1 38 0 0 8 4 34 2 0 7 15 26 0 0 
5 7 
39 0 4 0 5 15 20 2 0 11 20 4 13 0 11 20 15 6 0 7 17 9 5 0 17 
5 8 
35 0 11 0 2 8 13 12 0 15 20 2 24 0 2 18 5 15 0 10 6 8 25 0 9 
5 9 
24 11 13 0 0 9 23 7 0 9 4 20 18 0 6 7 24 10 0 7 1 22 16 0 9 
5 10 
26 8 14 0 0 11 23 14 0 0 14 10 24 0 0 6 24 18 0 0 6 18 24 0 0 
5 11 
22 9 17 0 0 12 28 8 0 0 8 11 29 0 0 4 26 18 0 0 9 25 14 0 0 
5 12 
23 8 17 0 0 4 27 17 0 0 6 15 27 0 0 4 26 18 0 0 4 22 22 0 0 
5 13 
31 5 12 0 0 6 34 8 0 0 7 14 27 0 0 7 28 13 0 0 11 23 14 0 0 
5 14 
33 7 8 0 0 11 33 4 0 0 22 13 13 0 0 16 23 9 0 0 5 31 12 0 0 
5 15 
34 11 3 0 0 8 38 2 0 0 10 23 15 0 0 11 31 6 0 0 12 28 8 0 0 
5 16 
16 3 25 0 4 7 8 18 0 15 10 3 28 0 7 7 9 22 0 10 8 4 21 0 15 
5 17 
37 1 6 0 4 22 4 2 0 20 30 3 7 0 8 32 3 4 0 9 26 6 4 0 12 
5 18 
35 3 5 0 5 10 28 9 0 1 12 10 14 0 12 10 19 10 0 9 10 20 9 0 9 
5 19 
21 0 13 1 13 0 0 9 29 10 1 0 12 16 19 2 0 9 22 15 1 0 11 19 17 
5 20 
42 0 6 0 0 6 0 29 0 13 9 0 26 0 13 12 0 21 0 15 4 0 20 0 24 
5 21 
19 11 18 0 0 2 18 28 0 0 1 14 33 0 0 0 13 35 0 0 1 14 33 0 0 
5 23 
16 3 0 29 0 4 17 0 27 0 3 3 0 42 0 1 6 0 41 0 3 10 0 35 0 
5 24 
27 1 0 20 0 13 9 0 26 0 5 3 0 40 0 5 1 0 42 0 8 4 0 34 2 
5 25 
26 12 9 1 0 15 14 12 7 0 19 10 14 5 0 15 15 8 10 0 18 11 11 8 0 
5 26 
32 5 11 0 0 13 23 6 0 6 14 19 13 0 2 18 17 7 0 6 5 25 5 0 13 
5 27 
12 18 18 0 0 2 24 11 0 11 0 23 18 0 7 1 19 17 0 11 1 20 14 0 13 
5 28 
33 9 6 0 0 12 21 7 0 8 11 20 13 0 4 13 21 6 0 8 8 20 5 0 15 
5 29 
27 17 4 0 0 15 29 4 0 0 13 22 13 0 0 12 28 8 0 0 12 32 4 0 0 
5 30 
41 4 3 0 0 15 31 2 0 0 22 18 8 0 0 22 21 5 0 0 19 25 4 0 0 
5 31 
43 0 0 0 5 14 9 1 0 24 26 1 7 0 14 24 4 4 0 16 23 7 2 0 16 
5 32 
34 6 8 0 0 15 20 7 0 6 12 21 13 0 2 9 17 7 0 15 10 18 6 0 14 
6 2 
8 3 37 0 0 4 21 23 0 0 6 0 42 0 0 5 4 39 0 0 3 21 24 0 0 
6 3 
39 5 3 0 1 17 28 3 0 0 25 9 13 0 1 24 16 8 0 0 21 20 6 0 1 
6 4 
26 2 20 0 0 12 24 12 0 0 15 6 27 0 0 21 9 18 0 0 6 21 21 0 0 
6 5 
42 0 6 0 0 16 25 5 0 2 22 9 17 0 0 29 10 9 0 0 19 20 5 0 4 
6 6 
43 2 0 3 0 24 22 0 2 0 41 1 0 6 0 36 2 0 10 0 27 17 0 4 0 
6 7 
40 0 4 0 4 13 22 5 0 8 23 2 16 0 7 22 6 11 0 9 17 8 9 0 14 
6 8 
30 0 17 0 1 10 14 14 0 10 15 2 29 0 2 23 3 17 0 5 7 9 23 0 9 
6 9 
25 2 17 0 4 10 18 5 0 15 5 7 26 0 10 8 11 16 0 13 1 14 18 0 15 
6 10 
21 3 20 4 0 7 15 9 17 0 8 3 28 9 0 12 9 15 12 0 13 7 13 15 0 
6 11 
27 1 16 0 4 6 11 15 0 16 10 2 28 0 8 5 4 22 0 17 8 7 18 0 15 
6 12 
28 2 18 0 0 5 24 19 0 0 10 5 33 0 0 7 15 26 0 0 8 15 25 0 0 
6 13 
30 4 13 1 0 9 21 9 9 0 8 5 33 2 0 11 12 19 6 0 6 20 18 4 0 
6 14 
23 3 22 0 0 5 30 13 0 0 7 13 28 0 0 9 16 23 0 0 3 26 19 0 0 
6 15 
39 6 3 0 0 11 31 6 0 0 17 11 20 0 0 13 21 14 0 0 13 24 11 0 0 
6 16 
25 1 22 0 0 10 21 15 0 2 6 6 35 0 1 10 7 30 0 1 7 16 22 0 3 
6 17 
38 9 1 0 0 16 29 3 0 0 18 16 14 0 0 26 15 7 0 0 16 27 5 0 0 
6 18 
32 6 10 0 0 11 28 8 0 1 14 14 19 0 1 11 23 12 0 2 5 28 9 0 6 
6 19 
23 0 15 0 10 1 22 14 0 11 0 10 24 0 14 3 20 16 0 9 3 24 8 0 13 
6 20 
40 0 8 0 0 8 0 33 0 7 13 0 31 0 4 11 0 31 0 6 5 0 30 0 13 
6 21 
18 11 12 0 7 0 8 17 0 23 0 6 20 0 22 1 3 17 0 27 2 4 21 0 21 
6 23 
18 8 0 22 0 13 12 0 14 9 10 5 0 33 0 12 2 0 33 1 9 4 0 28 7 
6 24 
15 4 29 0 0 9 11 21 7 0 9 5 32 2 0 5 2 30 11 0 7 1 25 15 0 
6 25 
21 6 21 0 0 7 22 18 0 1 10 10 27 0 1 3 19 26 0 0 7 17 18 0 6 
6 26 
32 5 11 0 0 11 24 7 0 6 12 15 19 0 2 20 19 7 0 2 9 23 7 0 9 
6 27 
16 0 28 0 4 6 5 21 0 16 6 1 32 0 9 2 6 28 0 12 4 4 24 0 16 
6 28 
28 0 9 11 0 8 0 2 31 7 13 0 15 18 2 15 0 8 22 3 9 0 6 23 10 
6 29 
11 10 27 0 0 6 24 17 0 1 3 14 31 0 0 1 24 23 0 0 3 24 17 0 4 
6 30 
11 13 24 0 0 1 34 13 0 0 10 17 21 0 0 5 21 22 0 0 4 30 14 0 0 
6 31 
22 4 21 1 0 8 22 14 4 0 16 5 24 3 0 12 6 24 6 0 6 12 19 11 0 
6 32 
27 6 15 0 0 13 24 2 0 9 10 15 23 0 0 12 17 13 0 6 8 22 6 0 12 
7 2 
11 0 37 0 0 1 29 18 0 0 5 4 39 0 0 2 7 39 0 0 4 19 25 0 0 
7 3 
40 2 4 0 2 13 5 5 0 25 25 2 16 0 5 14 8 9 0 17 11 4 8 0 25 
7 4 
42 0 6 0 0 25 18 5 0 0 27 3 18 0 0 21 12 15 0 0 21 14 13 0 0 
7 5 
44 0 3 0 1 14 20 3 0 11 25 3 16 0 4 22 11 8 0 7 14 13 8 0 13 
7 6 
42 0 6 0 0 15 27 6 0 0 35 1 12 0 0 36 4 6 2 0 25 18 4 1 0 
7 7 
48 0 0 0 0 17 19 6 0 6 25 1 17 0 5 22 8 10 0 8 14 9 10 0 15 
7 8 
33 0 15 0 0 7 27 14 0 0 13 4 31 0 0 12 14 22 0 0 9 18 21 0 0 
7 9 
38 0 5 5 0 11 15 0 22 0 14 4 19 11 0 11 13 6 18 0 6 18 10 14 0 
7 10 
19 2 20 0 7 8 18 10 0 12 7 2 31 0 8 5 12 20 0 11 6 18 19 0 5 
7 11 
23 4 21 0 0 9 28 11 0 0 8 6 34 0 0 8 19 21 0 0 6 23 19 0 0 
7 12 
23 4 21 0 0 10 18 20 0 0 7 5 36 0 0 6 13 29 0 0 6 18 24 0 0 
7 13 
30 1 17 0 0 6 33 9 0 0 8 5 35 0 0 8 20 20 0 0 4 26 18 0 0 
7 14 
22 3 23 0 0 6 33 9 0 0 5 8 35 0 0 5 16 27 0 0 3 26 19 0 0 
7 15 
37 6 5 0 0 9 36 3 0 0 15 7 26 0 0 12 26 10 0 0 12 24 12 0 0 
7 16 
39 1 8 0 0 18 11 5 0 14 28 1 18 0 1 24 1 12 0 11 17 7 9 0 15 
7 17 
44 0 0 1 3 24 7 0 2 15 36 3 0 1 8 34 2 0 4 8 24 7 0 4 13 
7 18 
30 8 10 0 0 3 34 9 0 2 9 18 21 0 0 8 27 9 0 4 5 27 10 0 6 
7 19 
21 2 25 0 0 4 18 26 0 0 1 10 37 0 0 1 20 27 0 0 2 19 27 0 0 
7 20 
44 0 4 0 0 4 0 15 0 29 14 0 15 0 19 5 0 14 0 29 8 0 10 0 30 
7 21 
21 2 25 0 0 13 14 21 0 0 10 1 37 0 0 5 14 29 0 0 4 14 30 0 0 
7 23 
21 5 0 22 0 3 30 0 15 0 4 7 0 37 0 2 10 0 36 0 1 15 0 32 0 
7 24 
31 0 0 17 0 15 15 0 17 1 10 2 0 36 0 7 1 0 40 0 6 4 0 37 1 
7 25 
17 8 23 0 0 5 21 19 0 3 6 16 26 0 0 2 18 24 0 4 2 13 26 0 7 
7 26 
21 7 20 0 0 1 34 12 0 1 6 22 20 0 0 4 35 9 0 0 6 30 10 0 2 
7 27 
11 13 22 0 2 2 23 14 0 9 5 16 23 0 4 2 14 20 0 12 4 15 16 0 13 
7 28 
27 8 13 0 0 14 19 1 0 14 10 21 15 0 2 6 30 5 0 7 6 19 8 0 15 
7 29 
16 0 23 0 9 2 0 28 0 18 3 0 32 0 13 1 0 30 0 17 3 0 27 0 18 
7 30 
20 4 0 24 0 5 31 0 12 0 8 14 0 26 0 6 22 0 20 0 10 27 0 11 0 
7 31 
31 0 13 0 4 11 9 7 0 21 20 2 18 0 8 16 2 14 0 16 17 4 5 0 22 
7 32 
33 7 8 0 0 9 24 5 0 10 9 17 22 0 0 5 23 8 0 12 6 15 12 0 15 
8 2 
12 2 34 0 0 5 22 21 0 0 8 1 39 0 0 8 7 33 0 0 3 13 32 0 0 
8 3 
24 5 17 0 2 12 28 8 0 0 14 9 25 0 0 13 27 8 0 0 11 17 18 0 2 
8 4 
44 0 4 0 0 29 16 3 0 0 29 7 12 0 0 27 14 7 0 0 25 10 13 0 0 
8 5 
27 0 2 19 0 10 25 2 11 0 13 5 11 19 0 11 13 3 21 0 13 10 4 21 0 
8 6 
43 0 0 5 0 23 24 0 1 0 43 0 0 5 0 29 4 0 15 0 33 10 0 5 0 
8 7 
43 0 1 0 4 14 21 4 0 9 26 0 14 0 8 17 16 7 0 8 22 8 6 0 12 
8 8 
32 1 15 0 0 10 8 14 0 16 15 1 25 0 7 17 10 15 0 6 8 4 27 0 9 
8 9 
36 8 4 0 0 14 19 1 0 14 17 16 10 0 5 12 23 2 0 11 10 17 11 0 10 
8 10 
32 11 5 0 0 14 31 3 0 0 20 10 18 0 0 10 31 7 0 0 17 20 11 0 0 
8 11 
21 4 19 0 4 7 10 15 0 16 10 0 34 0 4 2 10 18 0 18 4 2 22 0 20 
8 12 
23 4 21 0 0 9 18 21 0 0 11 2 35 0 0 7 22 19 0 0 5 14 29 0 0 
8 13 
25 7 16 0 0 9 32 7 0 0 7 11 30 0 0 4 29 15 0 0 12 20 16 0 0 
8 14 
40 3 5 0 0 14 29 5 0 0 19 15 14 0 0 14 21 13 0 0 11 23 14 0 0 
8 15 
35 11 2 0 0 7 38 3 0 0 12 17 19 0 0 9 35 4 0 0 11 28 9 0 0 
8 16 
25 0 22 0 1 13 7 15 0 13 11 2 32 0 3 17 2 19 0 10 9 5 23 0 11 
8 17 
21 0 11 15 1 9 0 7 19 13 7 0 15 24 2 12 0 9 26 1 11 0 8 23 6 
8 18 
32 9 7 0 0 6 31 10 0 1 9 20 19 0 0 6 28 9 0 5 6 30 11 0 1 
8 19 
20 0 17 0 11 3 19 12 0 14 2 11 17 0 18 3 24 9 0 12 1 21 11 0 15 
8 20 
46 0 2 0 0 7 0 33 0 8 10 0 34 0 4 10 0 30 0 8 6 0 33 0 9 
8 21 
19 11 18 0 0 2 25 21 0 0 3 12 33 0 0 0 17 31 0 0 2 10 36 0 0 
8 23 
12 11 0 25 0 2 19 0 20 7 4 8 0 35 1 1 5 0 36 6 2 3 0 38 5 
8 24 
21 5 0 21 1 6 19 0 21 2 12 9 0 26 1 4 9 0 34 1 3 4 0 40 1 
8 25 
41 7 0 0 0 24 21 0 0 3 31 16 0 0 1 22 22 0 0 4 29 16 0 0 3 
8 26 
32 8 8 0 0 15 26 7 0 0 15 19 14 0 0 10 32 6 0 0 17 24 7 0 0 
8 27 
12 18 18 0 0 4 30 14 0 0 2 27 19 0 0 3 29 16 0 0 3 30 15 0 0 
8 28 
28 3 8 9 0 6 15 5 22 0 12 12 6 18 0 11 18 6 13 0 13 15 6 14 0 
8 29 
15 5 17 0 11 9 20 9 0 10 6 11 16 0 15 5 19 14 0 10 7 15 11 0 15 
8 30 
40 4 4 0 0 18 30 0 0 0 21 20 7 0 0 23 22 3 0 0 27 17 4 0 0 
8 31 
35 0 0 8 5 17 3 0 5 23 25 4 0 10 9 17 3 0 8 20 13 4 0 11 20 
8 32 
32 7 9 0 0 19 17 4 0 8 11 14 21 0 2 13 19 3 0 13 12 17 9 0 10 
9 2 
17 1 30 0 0 8 22 18 0 0 9 2 37 0 0 6 1 41 0 0 8 14 26 0 0 
9 3 
26 3 19 0 0 13 25 9 0 1 13 13 22 0 0 15 17 16 0 0 6 23 17 0 2 
9 4 
32 2 14 0 0 14 24 10 0 0 11 14 23 0 0 16 11 21 0 0 10 16 22 0 0 
9 5 
43 1 4 0 0 20 22 4 0 2 25 12 11 0 0 32 10 6 0 0 21 21 6 0 0 
9 6 
44 1 3 0 0 19 26 3 0 0 38 2 8 0 0 34 1 11 2 0 28 16 4 0 0 
9 7 
42 0 3 0 3 14 21 3 0 10 24 3 11 0 10 22 7 8 0 11 16 9 9 0 14 
9 8 
33 2 13 0 0 15 25 8 0 0 12 8 28 0 0 19 9 20 0 0 5 16 27 0 0 
9 9 
39 0 1 8 0 11 10 0 27 0 14 4 11 19 0 16 5 9 18 0 5 13 14 16 0 
9 10 
38 3 4 0 3 20 9 5 0 14 22 3 18 0 5 18 7 14 0 9 17 6 12 0 13 
9 11 
20 5 20 0 3 5 10 15 0 18 9 2 32 0 5 6 6 21 0 15 4 4 22 0 18 
9 12 
26 8 14 0 0 8 25 15 0 0 15 8 25 0 0 8 17 23 0 0 7 18 23 0 0 
9 13 
30 9 9 0 0 9 35 4 0 0 7 14 27 0 0 4 24 20 0 0 4 28 16 0 0 
9 14 
35 4 9 0 0 16 28 4 0 0 16 15 17 0 0 22 16 10 0 0 9 26 13 0 0 
9 15 
33 11 4 0 0 4 42 2 0 0 13 19 16 0 0 15 25 8 0 0 6 28 14 0 0 
9 16 
41 0 7 0 0 22 25 0 0 1 23 7 18 0 0 23 10 15 0 0 12 21 15 0 0 
9 17 
34 0 2 12 0 14 6 3 25 0 20 3 3 22 0 19 1 4 24 0 12 13 2 21 0 
9 18 
33 9 6 0 0 11 29 7 0 1 8 21 18 0 1 14 22 9 0 3 5 31 9 0 3 
9 19 
20 1 17 0 10 2 19 15 0 12 0 8 23 0 17 3 12 20 0 13 1 15 16 0 16 
9 20 
45 0 3 0 0 7 0 27 0 14 10 0 25 0 13 13 0 22 0 13 5 0 19 0 24 
9 21 
22 13 13 0 0 2 20 26 0 0 2 12 34 0 0 2 13 33 0 0 0 13 35 0 0 
9 23 
27 5 0 16 0 6 18 0 19 5 14 6 0 28 0 8 5 0 34 1 7 5 0 34 2 
9 24 
19 6 21 2 0 8 12 21 7 0 12 4 26 6 0 4 6 22 16 0 5 0 28 15 0 
9 25 
15 12 21 0 0 2 26 19 0 1 5 17 26 0 0 5 11 31 0 1 2 18 24 0 4 
9 26 
27 11 10 0 0 10 32 6 0 0 11 30 7 0 0 9 27 12 0 0 7 32 8 0 1 
9 27 
20 1 22 0 5 2 8 22 0 16 7 2 25 0 14 6 3 29 0 10 5 5 21 0 17 
9 28 
29 10 9 0 0 9 34 5 0 0 10 27 11 0 0 8 27 13 0 0 6 32 8 0 2 
9 29 
28 16 4 0 0 11 30 6 0 1 8 23 17 0 0 16 24 7 0 1 8 30 8 0 2 
9 30 
39 5 4 0 0 16 30 2 0 0 24 16 8 0 0 26 14 8 0 0 22 20 6 0 0 
9 31 
40 6 2 0 0 16 15 3 0 14 29 8 4 0 7 27 7 7 0 7 17 19 4 0 8 
9 32 
35 6 7 0 0 16 18 7 0 7 11 16 17 0 4 10 14 16 0 8 9 19 8 0 12 
