0 2 
30 0 9 9 0 5 22 3 18 0 12 3 8 25 0 5 11 3 29 0 11 16 9 12 0 
0 3 
33 2 11 0 2 7 22 4 0 15 19 7 12 0 10 4 19 7 0 18 8 18 4 0 18 
0 4 
35 0 4 9 0 3 22 2 21 0 12 1 4 31 0 4 8 2 34 0 8 10 4 26 0 
0 5 
29 2 10 7 0 0 31 4 13 0 7 6 19 16 0 5 20 5 18 0 6 18 11 13 0 
0 6 
41 1 6 0 0 8 31 9 0 0 25 7 16 0 0 14 21 13 0 0 19 22 7 0 0 
0 7 
34 0 11 0 3 7 16 7 0 18 19 0 12 0 17 8 9 13 0 18 7 9 8 0 24 
0 8 
42 0 6 0 0 4 28 16 0 0 16 3 29 0 0 7 17 24 0 0 11 19 18 0 0 
0 9 
36 0 12 0 0 4 27 17 0 0 10 2 36 0 0 8 14 26 0 0 4 15 29 0 0 
0 10 
24 0 24 0 0 4 30 14 0 0 11 9 28 0 0 6 15 27 0 0 2 17 29 0 0 
0 11 
27 4 17 0 0 2 34 12 0 0 13 13 22 0 0 4 26 18 0 0 10 22 16 0 0 
0 12 
36 0 9 3 0 6 22 6 14 0 15 5 12 16 0 11 9 8 20 0 10 9 11 18 0 
0 13 
30 3 15 0 0 3 33 12 0 0 14 9 25 0 0 9 23 16 0 0 11 21 16 0 0 
0 14 
28 0 20 0 0 5 26 17 0 0 6 8 34 0 0 2 22 24 0 0 2 21 25 0 0 
0 15 
37 2 9 0 0 4 26 18 0 0 19 3 26 0 0 16 14 18 0 0 13 14 21 0 0 
0 16 
41 0 7 0 0 12 25 11 0 0 21 10 17 0 0 17 18 13 0 0 19 15 14 0 0 
0 17 
38 1 9 0 0 11 30 7 0 0 9 19 20 0 0 8 27 13 0 0 10 29 9 0 0 
0 18 
34 0 7 7 0 4 28 6 10 0 9 4 9 26 0 6 16 4 22 0 7 21 3 17 0 
0 19 
40 0 8 0 0 10 0 17 0 21 15 0 27 0 6 6 0 25 0 17 7 0 28 0 13 
0 20 
32 0 16 0 0 8 23 17 0 0 13 6 29 0 0 14 21 13 0 0 8 20 20 0 0 
0 21 
25 3 18 0 2 3 2 10 0 33 2 4 18 0 24 1 1 17 0 29 1 2 14 0 31 
0 23 
28 0 16 4 0 5 6 7 30 0 8 2 16 22 0 2 4 13 29 0 3 4 11 30 0 
0 24 
35 2 11 0 0 9 26 13 0 0 16 18 14 0 0 9 24 15 0 0 15 26 7 0 0 
0 25 
27 0 20 1 0 1 10 18 19 0 4 2 26 16 0 3 7 17 21 0 3 9 19 17 0 
0 26 
33 1 10 4 0 4 16 7 21 0 12 4 12 20 0 7 10 12 19 0 8 7 16 17 0 
0 27 
41 1 0 6 0 9 24 0 15 0 18 7 0 23 0 13 19 0 16 0 11 17 0 20 0 
0 28 
17 1 28 2 0 1 30 16 1 0 9 12 25 2 0 8 21 17 2 0 3 22 20 3 0 
0 29 
33 0 14 0 1 2 0 15 0 31 10 0 22 0 16 5 0 10 0 33 2 0 16 0 30 
0 30 
25 3 20 0 0 2 35 11 0 0 9 24 15 0 0 4 27 17 0 0 5 30 13 0 0 
0 31 
27 0 16 0 5 5 10 11 0 22 3 5 28 0 12 4 7 16 0 21 6 0 10 0 32 
0 32 
37 0 10 1 0 3 24 20 1 0 5 7 33 3 0 6 21 20 1 0 7 17 24 0 0 
1 2 
37 0 8 3 0 8 18 9 13 0 29 6 10 3 0 15 11 16 6 0 12 13 15 8 0 
1 3 
35 0 2 11 0 1 24 4 19 0 22 4 8 14 0 9 17 3 19 0 5 19 2 22 0 
1 4 
34 0 7 7 0 5 23 2 18 0 15 4 6 23 0 7 11 3 27 0 5 13 0 30 0 
1 5 
38 0 8 2 0 4 28 5 11 0 13 5 16 14 0 6 19 11 12 0 7 15 13 13 0 
1 6 
41 0 5 2 0 7 12 8 21 0 24 2 10 12 0 13 9 14 12 0 13 9 11 15 0 
1 7 
27 0 14 7 0 4 16 6 22 0 10 0 27 11 0 4 13 14 17 0 5 7 14 22 0 
1 8 
42 0 6 0 0 4 31 13 0 0 17 16 15 0 0 13 16 19 0 0 8 21 19 0 0 
1 9 
31 0 17 0 0 2 19 27 0 0 5 3 40 0 0 4 14 30 0 0 1 13 34 0 0 
1 10 
21 0 27 0 0 3 22 23 0 0 6 6 36 0 0 8 11 29 0 0 1 19 28 0 0 
1 11 
30 3 15 0 0 5 29 14 0 0 9 19 20 0 0 12 23 13 0 0 5 30 13 0 0 
1 12 
40 0 5 0 3 7 9 13 0 19 19 1 14 0 14 12 8 13 0 15 8 9 10 0 21 
1 13 
37 1 1 9 0 6 17 0 25 0 19 3 5 21 0 12 16 3 17 0 8 11 2 27 0 
1 14 
30 2 13 3 0 6 34 7 1 0 9 17 21 1 0 6 29 11 2 0 1 38 9 0 0 
1 15 
42 0 6 0 0 12 24 12 0 0 22 11 15 0 0 19 18 11 0 0 15 22 11 0 0 
1 16 
25 0 21 0 2 10 14 10 0 14 13 5 19 0 11 8 10 18 0 12 7 9 18 0 14 
1 17 
38 0 10 0 0 7 18 23 0 0 13 6 29 0 0 15 8 25 0 0 6 15 27 0 0 
1 18 
35 0 13 0 0 4 20 24 0 0 8 9 31 0 0 5 17 26 0 0 6 21 21 0 0 
1 19 
32 0 16 0 0 4 0 13 0 31 9 0 19 0 20 2 0 23 0 23 4 0 17 0 27 
1 20 
31 0 14 0 3 6 16 19 0 7 11 6 23 0 8 9 20 13 0 6 5 16 18 0 9 
1 21 
42 0 0 0 6 7 0 0 0 41 12 1 0 0 35 7 0 0 0 41 6 0 0 0 42 
1 23 
40 0 0 8 0 8 10 0 30 0 25 1 0 22 0 15 7 0 26 0 15 5 0 28 0 
1 24 
39 0 9 0 0 8 22 18 0 0 19 10 19 0 0 10 15 23 0 0 15 16 17 0 0 
1 25 
24 0 21 3 0 4 16 13 15 0 5 10 26 7 0 6 19 17 6 0 0 14 19 15 0 
1 26 
32 0 14 2 0 3 17 12 16 0 15 6 15 12 0 12 16 8 12 0 6 12 15 15 0 
1 27 
28 0 20 0 0 2 23 23 0 0 5 10 33 0 0 2 12 34 0 0 2 21 25 0 0 
1 28 
31 0 14 3 0 8 8 15 17 0 11 3 28 6 0 8 11 14 15 0 5 5 16 22 0 
1 29 
33 0 8 7 0 7 0 8 29 4 14 0 14 19 1 12 0 6 26 4 7 0 6 24 11 
1 30 
38 2 0 8 0 5 28 0 15 0 7 16 0 25 0 15 15 0 18 0 10 23 0 15 0 
1 31 
24 2 22 0 0 3 23 22 0 0 5 11 32 0 0 7 17 24 0 0 2 24 22 0 0 
1 32 
36 0 12 0 0 4 23 21 0 0 14 7 27 0 0 8 15 25 0 0 6 22 20 0 0 
2 2 
27 0 0 21 0 4 24 0 20 0 18 11 0 19 0 10 19 0 19 0 11 20 0 17 0 
2 3 
21 0 19 8 0 4 24 1 19 0 9 5 20 14 0 4 15 15 14 0 4 15 7 22 0 
2 4 
25 0 10 13 0 3 22 1 22 0 13 3 5 27 0 7 12 1 28 0 6 12 4 26 0 
2 5 
33 0 9 6 0 4 26 10 8 0 16 6 12 14 0 7 14 10 17 0 12 17 6 13 0 
2 6 
41 0 7 0 0 5 25 9 0 9 21 8 13 0 6 10 13 7 0 18 13 10 11 0 14 
2 7 
16 0 24 0 8 0 20 6 0 22 5 4 22 0 17 3 14 13 0 18 3 9 17 0 19 
2 8 
38 1 9 0 0 4 28 16 0 0 18 6 24 0 0 13 21 14 0 0 12 19 17 0 0 
2 9 
26 0 22 0 0 1 21 26 0 0 2 5 41 0 0 5 15 28 0 0 3 13 32 0 0 
2 10 
30 2 16 0 0 7 23 18 0 0 18 5 25 0 0 11 18 19 0 0 14 18 16 0 0 
2 11 
28 0 20 0 0 4 22 22 0 0 6 12 30 0 0 8 19 21 0 0 12 18 18 0 0 
2 12 
32 2 10 4 0 4 20 5 19 0 13 6 14 15 0 6 11 9 22 0 8 14 8 18 0 
2 13 
31 0 4 13 0 4 12 3 29 0 18 2 4 24 0 9 11 3 25 0 12 8 5 23 0 
2 14 
23 8 15 2 0 3 38 5 2 0 7 23 17 1 0 3 35 10 0 0 3 31 14 0 0 
2 15 
40 1 7 0 0 7 22 19 0 0 19 3 26 0 0 11 14 23 0 0 19 12 17 0 0 
2 16 
28 1 10 0 9 5 21 6 0 16 13 5 12 0 18 9 9 8 0 22 6 12 11 0 19 
2 17 
32 0 16 0 0 5 19 24 0 0 16 7 25 0 0 9 13 26 0 0 11 12 25 0 0 
2 18 
21 3 24 0 0 3 35 10 0 0 6 21 21 0 0 2 24 22 0 0 5 31 12 0 0 
2 19 
26 0 19 0 3 2 2 7 0 37 4 3 8 0 33 1 2 10 0 35 1 1 10 0 36 
2 20 
26 3 19 0 0 8 17 15 0 8 16 8 18 0 6 3 12 23 0 10 7 14 19 0 8 
2 21 
29 0 17 0 2 4 0 9 0 35 6 0 14 0 28 1 0 11 0 36 1 0 14 0 33 
2 23 
20 0 20 0 8 0 20 5 0 23 1 9 19 0 19 3 14 10 0 21 3 10 11 0 24 
2 24 
27 2 19 0 0 2 23 23 0 0 5 7 36 0 0 0 20 28 0 0 4 17 27 0 0 
2 25 
19 1 28 0 0 4 25 19 0 0 7 8 33 0 0 1 27 20 0 0 1 22 25 0 0 
2 26 
23 2 17 6 0 4 25 7 12 0 11 5 17 15 0 4 15 13 16 0 6 12 17 13 0 
2 27 
21 0 22 5 0 1 28 10 9 0 7 7 10 24 0 0 20 12 16 0 3 15 12 18 0 
2 28 
13 0 21 14 0 0 27 11 10 0 5 7 18 18 0 3 15 12 18 0 3 19 9 17 0 
2 29 
32 0 6 10 0 6 0 9 26 7 15 0 14 18 1 4 0 8 32 4 5 0 11 25 7 
2 30 
27 2 19 0 0 0 36 12 0 0 3 23 22 0 0 2 27 19 0 0 3 27 18 0 0 
2 31 
25 6 17 0 0 4 35 9 0 0 12 24 12 0 0 4 24 20 0 0 4 32 12 0 0 
2 32 
38 0 10 0 0 3 25 20 0 0 10 9 29 0 0 11 17 20 0 0 8 21 19 0 0 
3 2 
28 0 15 5 0 5 25 12 6 0 11 8 17 12 0 3 13 23 9 0 4 17 18 9 0 
3 3 
20 0 22 6 0 2 19 4 23 0 15 4 15 14 0 6 8 13 21 0 5 17 7 19 0 
3 4 
32 0 0 16 0 3 25 0 20 0 14 2 0 32 0 8 8 0 32 0 4 18 0 26 0 
3 5 
30 0 11 7 0 0 27 6 15 0 4 6 16 22 0 9 14 6 19 0 3 23 9 13 0 
3 6 
39 1 5 3 0 5 24 7 12 0 16 5 13 14 0 8 12 14 14 0 8 15 9 16 0 
3 7 
30 0 12 0 6 1 15 9 0 23 10 4 17 0 17 4 5 16 0 23 8 10 7 0 23 
3 8 
38 0 0 10 0 5 16 0 27 0 16 4 0 28 0 13 6 0 29 0 6 13 0 29 0 
3 9 
26 0 22 0 0 2 12 34 0 0 3 1 44 0 0 2 8 38 0 0 2 11 35 0 0 
3 10 
32 1 0 15 0 5 25 0 18 0 19 4 0 25 0 17 16 0 15 0 7 20 0 21 0 
3 11 
27 0 18 0 3 3 17 11 0 17 12 3 21 0 12 6 10 16 0 16 3 11 19 0 15 
3 12 
31 3 14 0 0 6 28 14 0 0 17 10 21 0 0 6 22 20 0 0 2 20 26 0 0 
3 13 
35 2 11 0 0 4 25 19 0 0 13 10 25 0 0 9 18 21 0 0 7 25 16 0 0 
3 14 
35 4 9 0 0 4 35 9 0 0 11 19 18 0 0 6 23 19 0 0 6 32 10 0 0 
3 15 
23 0 25 0 0 2 24 22 0 0 10 8 30 0 0 6 16 26 0 0 6 22 20 0 0 
3 16 
20 0 24 4 0 3 12 18 15 0 9 1 25 13 0 8 5 14 21 0 2 8 19 19 0 
3 17 
35 0 13 0 0 7 19 22 0 0 11 4 33 0 0 11 11 26 0 0 9 9 30 0 0 
3 18 
28 0 20 0 0 2 24 22 0 0 5 7 36 0 0 5 14 29 0 0 4 21 23 0 0 
3 19 
44 4 0 0 0 12 36 0 0 0 21 27 0 0 0 11 37 0 0 0 10 38 0 0 0 
3 20 
18 6 24 0 0 5 34 9 0 0 6 17 25 0 0 5 27 16 0 0 2 31 15 0 0 
3 21 
25 1 0 0 22 3 0 0 0 45 3 1 0 0 44 1 0 0 0 47 0 0 0 0 48 
3 23 
41 0 0 0 7 8 17 0 0 23 18 8 0 0 22 15 4 0 0 29 11 14 0 0 23 
3 24 
33 1 14 0 0 8 20 20 0 0 16 4 28 0 0 10 14 24 0 0 7 21 20 0 0 
3 25 
34 3 11 0 0 8 23 17 0 0 15 11 22 0 0 8 24 16 0 0 2 30 16 0 0 
3 26 
28 1 15 4 0 4 20 11 13 0 10 5 22 11 0 6 14 12 16 0 8 16 12 12 0 
3 27 
24 0 23 0 1 2 0 23 0 23 8 0 28 0 12 2 0 24 0 22 0 0 21 0 27 
3 28 
34 0 11 0 3 4 19 13 0 12 16 6 22 0 4 8 12 17 0 11 4 14 21 0 9 
3 29 
36 0 6 6 0 5 21 8 14 0 18 4 10 16 0 9 14 8 17 0 5 14 11 18 0 
3 30 
30 2 16 0 0 4 26 18 0 0 11 14 23 0 0 5 19 24 0 0 3 25 20 0 0 
3 31 
24 0 18 0 6 4 7 19 0 18 7 1 25 0 15 2 5 16 0 25 1 5 13 0 29 
3 32 
35 0 13 0 0 1 24 23 0 0 7 7 34 0 0 3 17 28 0 0 3 20 25 0 0 
4 2 
24 7 16 1 0 5 31 9 3 0 19 7 17 5 0 4 17 19 8 0 7 20 17 4 0 
4 3 
38 1 7 0 2 7 21 3 0 17 18 3 14 0 13 4 16 6 0 22 11 13 7 0 17 
4 4 
26 0 10 12 0 3 27 1 17 0 10 2 8 28 0 3 10 3 32 0 6 12 3 27 0 
4 5 
31 1 11 5 0 2 26 6 14 0 13 6 17 12 0 3 17 10 18 0 5 17 11 15 0 
4 6 
37 2 6 0 3 3 18 7 0 20 18 1 20 0 9 7 7 15 0 19 19 6 7 0 16 
4 7 
26 0 17 0 5 2 21 13 0 12 12 3 25 0 8 1 15 13 0 19 3 16 12 0 17 
4 8 
39 0 9 0 0 5 32 11 0 0 14 5 29 0 0 11 18 19 0 0 12 24 12 0 0 
4 9 
30 0 18 0 0 4 25 19 0 0 14 1 33 0 0 2 13 33 0 0 4 15 29 0 0 
4 10 
40 0 8 0 0 6 30 12 0 0 24 8 16 0 0 13 18 17 0 0 13 23 12 0 0 
4 11 
22 0 26 0 0 1 20 27 0 0 16 8 24 0 0 6 17 25 0 0 6 16 26 0 0 
4 12 
35 1 8 4 0 4 25 3 16 0 20 5 10 13 0 6 16 10 16 0 8 19 7 14 0 
4 13 
20 5 23 0 0 2 33 13 0 0 11 14 23 0 0 6 24 18 0 0 5 30 13 0 0 
4 14 
30 5 13 0 0 0 41 7 0 0 5 19 24 0 0 4 29 15 0 0 1 36 11 0 0 
4 15 
24 3 21 0 0 2 30 16 0 0 12 9 27 0 0 5 19 24 0 0 8 25 15 0 0 
4 16 
28 1 18 0 1 3 22 13 0 10 16 3 21 0 8 7 12 15 0 14 8 10 16 0 14 
4 17 
33 1 14 0 0 12 22 14 0 0 18 2 28 0 0 11 9 28 0 0 12 10 26 0 0 
4 18 
39 0 5 4 0 3 27 4 14 0 12 1 7 28 0 7 16 7 18 0 5 19 10 14 0 
4 19 
43 0 0 0 5 7 0 0 0 41 17 0 0 0 31 7 0 0 0 41 8 0 0 0 40 
4 20 
18 0 12 15 3 5 0 4 15 24 11 0 13 15 9 4 0 6 18 20 1 0 6 18 23 
4 21 
29 2 16 0 1 2 3 9 0 34 5 2 22 0 19 0 4 13 0 31 0 1 10 0 37 
4 23 
40 8 0 0 0 10 38 0 0 0 27 21 0 0 0 11 37 0 0 0 11 37 0 0 0 
4 24 
37 1 10 0 0 8 22 18 0 0 18 5 25 0 0 9 20 19 0 0 14 14 20 0 0 
4 25 
32 3 13 0 0 7 32 9 0 0 11 13 24 0 0 5 27 16 0 0 4 29 15 0 0 
4 26 
29 1 14 4 0 5 24 9 10 0 20 2 13 13 0 6 15 10 17 0 8 13 9 18 0 
4 27 
23 0 25 0 0 1 28 19 0 0 5 7 36 0 0 2 14 32 0 0 0 22 26 0 0 
4 28 
36 1 11 0 0 9 25 14 0 0 31 5 12 0 0 12 19 17 0 0 11 23 14 0 0 
4 29 
40 0 8 0 0 10 18 20 0 0 17 4 27 0 0 12 19 17 0 0 11 21 16 0 0 
4 30 
29 1 18 0 0 2 33 13 0 0 6 9 33 0 0 2 23 23 0 0 2 24 22 0 0 
4 31 
28 0 20 0 0 3 24 21 0 0 8 5 35 0 0 4 17 27 0 0 4 22 22 0 0 
4 32 
36 0 12 0 0 3 28 17 0 0 12 2 34 0 0 2 16 30 0 0 1 19 28 0 0 
5 2 
31 3 14 0 0 3 25 20 0 0 17 12 19 0 0 7 10 31 0 0 13 19 16 0 0 
5 3 
36 1 8 3 0 4 25 5 14 0 14 4 15 15 0 10 16 6 16 0 11 16 2 19 0 
5 4 
35 0 5 8 0 2 22 4 20 0 13 3 4 28 0 8 13 4 23 0 5 17 3 23 0 
5 5 
30 0 13 5 0 0 30 5 13 0 9 5 17 17 0 8 17 4 19 0 5 18 13 12 0 
5 6 
37 1 10 0 0 3 27 18 0 0 19 6 23 0 0 12 16 20 0 0 15 19 14 0 0 
5 7 
23 0 21 4 0 2 10 6 30 0 8 1 23 16 0 5 9 11 23 0 3 6 14 25 0 
5 8 
38 0 10 0 0 4 29 15 0 0 15 6 27 0 0 10 16 22 0 0 7 22 19 0 0 
5 9 
32 0 16 0 0 3 11 34 0 0 8 2 38 0 0 6 9 33 0 0 8 13 27 0 0 
5 10 
23 0 25 0 0 2 21 25 0 0 2 8 38 0 0 6 13 29 0 0 2 13 33 0 0 
5 11 
28 0 15 5 0 3 15 11 19 0 15 2 16 15 0 7 10 15 16 0 5 9 17 17 0 
5 12 
33 0 10 0 5 6 18 6 0 18 15 5 9 0 19 6 12 9 0 21 10 13 11 0 14 
5 13 
33 2 13 0 0 4 28 16 0 0 10 11 27 0 0 9 18 21 0 0 9 20 19 0 0 
5 14 
23 0 14 11 0 1 19 5 23 0 5 6 11 26 0 2 11 10 25 0 1 16 6 25 0 
5 15 
29 0 19 0 0 3 20 25 0 0 13 7 28 0 0 6 13 29 0 0 7 15 26 0 0 
5 16 
33 0 6 9 0 4 23 8 13 0 11 14 12 11 0 12 21 2 13 0 11 20 6 11 0 
5 17 
37 3 8 0 0 4 30 14 0 0 15 16 17 0 0 7 23 18 0 0 5 21 22 0 0 
5 18 
28 0 20 0 0 4 18 26 0 0 7 5 36 0 0 6 15 27 0 0 7 18 23 0 0 
5 19 
37 0 4 0 7 6 0 1 0 41 14 0 2 0 32 7 0 3 0 38 5 0 1 0 42 
5 20 
31 0 9 0 8 9 0 11 0 28 19 0 15 0 14 12 0 7 0 29 11 0 7 0 30 
5 21 
19 1 24 0 4 1 1 15 0 31 1 1 21 0 25 0 0 17 0 31 0 0 12 0 36 
5 23 
20 0 25 3 0 1 5 12 30 0 4 0 17 27 0 4 4 10 30 0 0 5 13 30 0 
5 24 
23 2 23 0 0 5 29 14 0 0 5 22 21 0 0 2 28 18 0 0 1 30 17 0 0 
5 25 
24 0 23 1 0 5 6 14 23 0 8 0 27 13 0 3 6 22 17 0 3 6 18 21 0 
5 26 
24 2 3 19 0 4 23 3 18 0 17 8 3 20 0 10 16 4 18 0 11 14 2 21 0 
5 27 
47 0 1 0 0 13 22 13 0 0 22 11 15 0 0 17 18 13 0 0 13 19 16 0 0 
5 28 
15 1 18 14 0 0 26 9 13 0 7 8 17 16 0 3 16 14 15 0 5 23 9 11 0 
5 29 
23 0 21 4 0 0 0 17 24 7 6 0 22 20 0 1 0 23 20 4 4 0 14 22 8 
5 30 
34 5 9 0 0 2 36 10 0 0 12 21 15 0 0 8 24 16 0 0 12 22 14 0 0 
5 31 
23 0 22 0 3 4 7 15 0 22 6 2 26 0 14 3 4 20 0 21 4 3 16 0 25 
5 32 
39 0 9 0 0 4 24 20 0 0 11 3 34 0 0 7 18 23 0 0 5 22 21 0 0 
6 2 
34 0 0 11 3 4 23 0 21 0 25 1 0 20 2 10 12 0 25 1 10 16 0 22 0 
6 3 
26 1 17 0 4 1 22 5 0 20 16 1 20 0 11 3 18 7 0 20 4 19 6 0 19 
6 4 
26 0 10 12 0 0 23 2 23 0 7 5 6 30 0 3 15 5 25 0 2 17 3 26 0 
6 5 
27 0 15 6 0 0 32 6 10 0 10 4 19 15 0 3 21 8 16 0 2 20 7 19 0 
6 6 
41 0 4 0 3 2 18 8 0 20 29 1 8 0 10 9 4 14 0 21 11 11 6 0 20 
6 7 
33 1 12 2 0 1 26 7 14 0 16 6 14 12 0 1 24 12 11 0 4 24 9 11 0 
6 8 
37 0 0 11 0 4 19 0 25 0 18 1 0 29 0 6 11 0 31 0 6 14 0 28 0 
6 9 
28 0 20 0 0 1 21 26 0 0 8 1 39 0 0 5 16 27 0 0 2 21 25 0 0 
6 10 
47 1 0 0 0 10 29 9 0 0 36 2 10 0 0 19 18 11 0 0 16 20 12 0 0 
6 11 
30 0 15 0 3 4 19 10 0 15 17 1 18 0 12 6 18 15 0 9 7 19 12 0 10 
6 12 
35 0 8 5 0 4 23 2 19 0 18 8 11 11 0 3 16 16 13 0 6 20 8 14 0 
6 13 
29 1 14 4 0 0 27 12 9 0 13 13 13 9 0 7 23 11 7 0 6 19 5 18 0 
6 14 
31 4 13 0 0 1 41 5 1 0 9 21 18 0 0 4 38 6 0 0 1 40 7 0 0 
6 15 
43 1 4 0 0 9 25 14 0 0 23 2 23 0 0 13 14 21 0 0 12 19 17 0 0 
6 16 
29 1 8 10 0 3 24 6 15 0 18 4 14 12 0 5 20 8 15 0 4 15 7 22 0 
6 17 
40 1 7 0 0 5 34 9 0 0 23 11 14 0 0 6 23 19 0 0 6 27 15 0 0 
6 18 
39 0 9 0 0 4 19 25 0 0 13 3 32 0 0 4 19 25 0 0 6 25 17 0 0 
6 19 
30 0 18 0 0 2 0 14 0 32 9 0 20 0 19 4 0 13 0 31 4 0 13 0 31 
6 20 
25 8 15 0 0 7 32 9 0 0 21 19 8 0 0 4 33 11 0 0 7 33 8 0 0 
6 21 
28 1 0 0 19 5 0 0 0 43 6 1 0 0 41 1 0 0 0 47 3 0 0 0 45 
6 23 
35 1 6 0 6 3 19 1 0 25 19 6 9 0 14 5 11 7 0 25 8 12 5 0 23 
6 24 
20 1 27 0 0 3 21 24 0 0 9 6 33 0 0 1 15 32 0 0 1 16 31 0 0 
6 25 
39 0 2 7 0 11 0 2 16 19 15 0 7 23 3 8 0 3 23 14 3 0 6 23 16 
6 26 
28 0 16 4 0 4 16 6 22 0 16 1 18 13 0 7 14 10 17 0 3 12 9 24 0 
6 27 
26 1 14 7 0 3 27 7 11 0 4 7 14 23 0 2 22 7 17 0 1 23 8 16 0 
6 28 
25 0 16 7 0 0 26 12 10 0 7 7 24 10 0 6 18 14 10 0 4 23 13 8 0 
6 29 
38 5 5 0 0 6 25 8 0 9 13 15 20 0 0 8 27 7 0 6 5 26 10 0 7 
6 30 
30 1 17 0 0 4 32 12 0 0 5 12 31 0 0 5 23 20 0 0 8 21 19 0 0 
6 31 
22 0 23 0 3 1 14 11 0 22 8 0 28 0 12 3 6 21 0 18 2 3 14 0 29 
6 32 
37 1 9 1 0 0 28 17 3 0 14 1 31 2 0 5 21 21 1 0 3 18 26 1 0 
7 2 
30 1 17 0 0 3 20 25 0 0 13 5 30 0 0 6 18 24 0 0 8 17 23 0 0 
7 3 
32 0 12 4 0 6 17 6 19 0 16 3 17 12 0 6 13 8 21 0 11 13 0 24 0 
7 4 
34 0 5 9 0 4 22 0 22 0 8 2 10 28 0 6 10 3 29 0 7 15 6 20 0 
7 5 
26 1 17 4 0 3 19 8 18 0 8 3 18 19 0 5 16 7 20 0 4 15 8 21 0 
7 6 
34 1 9 0 4 6 15 10 0 17 19 1 15 0 13 6 8 12 0 22 11 10 11 0 16 
7 7 
13 0 30 0 5 3 13 16 0 16 6 1 26 0 15 2 12 22 0 12 2 11 17 0 18 
7 8 
32 0 7 9 0 4 18 1 25 0 7 2 7 32 0 5 11 5 27 0 8 13 2 25 0 
7 9 
26 0 22 0 0 2 27 19 0 0 1 1 46 0 0 3 10 35 0 0 1 14 33 0 0 
7 10 
45 2 1 0 0 14 29 5 0 0 32 9 7 0 0 25 15 8 0 0 20 20 8 0 0 
7 11 
24 1 18 0 5 4 15 14 0 15 11 2 21 0 14 6 11 16 0 15 7 13 16 0 12 
7 12 
33 0 15 0 0 7 27 14 0 0 15 11 22 0 0 9 18 21 0 0 8 26 14 0 0 
7 13 
32 2 14 0 0 3 28 17 0 0 13 14 21 0 0 4 24 20 0 0 8 28 12 0 0 
7 14 
31 4 13 0 0 4 38 6 0 0 5 20 23 0 0 7 34 7 0 0 2 37 9 0 0 
7 15 
26 0 22 0 0 2 23 23 0 0 8 10 30 0 0 6 18 24 0 0 3 24 21 0 0 
7 16 
43 0 0 5 0 11 12 0 25 0 24 1 0 23 0 19 10 0 19 0 15 13 0 20 0 
7 17 
38 0 10 0 0 12 14 22 0 0 12 2 34 0 0 12 11 25 0 0 9 13 26 0 0 
7 18 
28 0 10 10 0 2 19 7 20 0 8 3 12 25 0 5 16 6 21 0 7 23 8 10 0 
7 19 
41 7 0 0 0 12 36 0 0 0 16 32 0 0 0 8 40 0 0 0 6 42 0 0 0 
7 20 
26 2 19 0 1 7 0 16 0 25 10 5 22 0 11 12 1 15 0 20 9 2 14 0 23 
7 21 
38 1 0 0 9 8 0 0 0 40 9 0 0 0 39 4 1 0 0 43 2 0 0 0 46 
7 23 
43 0 0 0 5 9 8 0 0 31 24 0 0 0 24 14 4 0 0 30 12 9 0 0 27 
7 24 
24 0 24 0 0 3 19 26 0 0 6 4 38 0 0 1 18 29 0 0 2 22 24 0 0 
7 25 
28 2 18 0 0 6 29 13 0 0 10 14 24 0 0 3 27 18 0 0 5 29 14 0 0 
7 26 
29 0 16 3 0 5 19 9 15 0 18 1 13 16 0 5 20 13 10 0 10 14 13 11 0 
7 27 
24 0 24 0 0 3 23 22 0 0 5 10 33 0 0 1 15 32 0 0 0 23 25 0 0 
7 28 
27 0 18 3 0 5 13 15 15 0 15 2 20 11 0 6 10 15 17 0 11 12 11 14 0 
7 29 
38 0 7 0 3 11 0 8 0 29 12 0 21 0 15 10 0 9 0 29 9 0 9 0 30 
7 30 
34 0 14 0 0 3 24 21 0 0 15 10 23 0 0 8 24 16 0 0 8 17 23 0 0 
7 31 
18 8 22 0 0 4 33 11 0 0 6 24 18 0 0 8 29 11 0 0 5 31 12 0 0 
7 32 
33 1 14 0 0 1 25 22 0 0 8 6 34 0 0 3 11 34 0 0 4 19 25 0 0 
8 2 
34 0 13 1 0 3 29 8 8 0 11 6 22 9 0 9 13 20 6 0 5 25 11 7 0 
8 3 
23 0 13 12 0 1 36 4 7 0 9 10 18 11 0 6 22 5 15 0 3 27 2 16 0 
8 4 
36 0 0 12 0 1 26 0 21 0 15 5 0 28 0 3 11 0 34 0 2 18 0 28 0 
8 5 
28 1 19 0 0 1 38 9 0 0 9 10 29 0 0 6 26 16 0 0 1 30 17 0 0 
8 6 
40 0 8 0 0 2 19 8 19 0 17 4 17 10 0 11 6 14 17 0 11 10 6 21 0 
8 7 
23 0 19 0 6 0 23 5 0 20 7 4 24 0 13 4 13 11 0 20 1 14 13 0 20 
8 8 
44 0 4 0 0 1 28 19 0 0 18 9 21 0 0 10 16 22 0 0 4 21 23 0 0 
8 9 
29 0 19 0 0 1 30 17 0 0 1 8 39 0 0 4 19 25 0 0 1 21 26 0 0 
8 10 
25 0 23 0 0 0 33 15 0 0 10 6 32 0 0 6 18 24 0 0 0 21 27 0 0 
8 11 
30 0 18 0 0 2 22 8 16 0 8 4 20 16 0 10 13 8 17 0 3 9 16 20 0 
8 12 
37 0 6 5 0 4 30 2 12 0 10 10 8 20 0 7 16 7 18 0 1 19 11 17 0 
8 13 
35 1 9 3 0 2 39 5 2 0 11 12 8 17 0 12 19 10 7 0 4 25 10 9 0 
8 14 
33 2 13 0 0 0 43 5 0 0 6 22 20 0 0 4 32 12 0 0 0 40 8 0 0 
8 15 
28 0 20 0 0 1 28 19 0 0 8 4 36 0 0 6 10 32 0 0 1 18 29 0 0 
8 16 
31 1 6 10 0 1 22 4 21 0 11 1 11 25 0 8 15 7 18 0 3 14 2 29 0 
8 17 
41 0 7 0 0 3 30 15 0 0 15 8 25 0 0 8 17 23 0 0 5 22 21 0 0 
8 18 
39 0 9 0 0 6 37 5 0 0 20 13 15 0 0 16 25 7 0 0 12 27 9 0 0 
8 19 
42 0 6 0 0 6 0 9 0 33 13 0 13 0 22 8 0 14 0 26 7 0 5 0 36 
8 20 
33 0 15 0 0 7 23 18 0 0 17 11 20 0 0 8 22 18 0 0 5 20 23 0 0 
8 21 
25 0 20 0 3 1 8 7 0 32 3 3 23 0 19 0 1 11 0 36 0 2 8 0 38 
8 23 
43 0 0 5 0 5 13 0 30 0 22 0 0 26 0 16 6 0 26 0 11 3 0 34 0 
8 24 
18 3 27 0 0 4 36 8 0 0 1 27 20 0 0 5 34 9 0 0 1 32 15 0 0 
8 25 
32 0 16 0 0 5 33 10 0 0 5 24 19 0 0 5 30 13 0 0 3 34 11 0 0 
8 26 
32 0 14 2 0 1 25 8 14 0 14 3 14 17 0 6 15 11 16 0 2 10 15 21 0 
8 27 
22 0 20 6 0 2 27 8 11 0 3 6 17 22 0 1 18 12 17 0 0 22 10 16 0 
8 28 
30 1 16 1 0 1 28 14 5 0 12 10 23 3 0 8 19 16 5 0 6 23 12 7 0 
8 29 
31 2 15 0 0 3 31 14 0 0 5 17 26 0 0 5 32 11 0 0 2 36 10 0 0 
8 30 
29 1 18 0 0 1 36 11 0 0 5 13 30 0 0 3 22 23 0 0 0 23 25 0 0 
8 31 
24 0 20 0 4 2 10 9 0 27 4 1 19 0 24 3 3 18 0 24 2 2 12 0 32 
8 32 
37 0 11 0 0 1 41 6 0 0 8 23 17 0 0 10 36 2 0 0 3 39 6 0 0 
9 2 
28 2 14 4 0 2 36 2 8 0 15 7 12 14 0 10 23 4 11 0 6 17 10 15 0 
9 3 
27 1 10 10 0 2 36 3 7 0 14 11 13 10 0 5 23 7 13 0 7 26 3 12 0 
9 4 
34 0 0 14 0 4 30 0 14 0 15 4 0 29 0 5 10 0 33 0 7 16 0 25 0 
9 5 
27 0 9 12 0 2 32 7 7 0 13 5 15 15 0 7 13 4 24 0 7 21 9 11 0 
9 6 
41 2 2 3 0 4 40 4 0 0 24 6 12 6 0 13 23 9 3 0 13 18 16 1 0 
9 7 
28 0 12 8 0 1 18 8 21 0 17 2 19 10 0 3 8 13 24 0 8 10 11 19 0 
9 8 
35 0 13 0 0 4 34 10 0 0 16 6 26 0 0 5 17 26 0 0 9 19 20 0 0 
9 9 
36 0 12 0 0 2 25 21 0 0 13 3 32 0 0 5 13 30 0 0 5 13 30 0 0 
9 10 
40 4 4 0 0 8 36 4 0 0 29 18 1 0 0 16 28 4 0 0 15 30 3 0 0 
9 11 
16 0 32 0 0 2 25 21 0 0 9 3 36 0 0 5 16 27 0 0 6 20 22 0 0 
9 12 
41 0 7 0 0 5 30 13 0 0 18 8 22 0 0 11 17 20 0 0 6 21 21 0 0 
9 13 
38 1 9 0 0 3 35 10 0 0 16 8 24 0 0 11 21 16 0 0 7 24 17 0 0 
9 14 
30 5 13 0 0 3 42 3 0 0 5 22 21 0 0 4 34 10 0 0 1 37 10 0 0 
9 15 
28 1 19 0 0 2 29 17 0 0 13 9 26 0 0 3 18 27 0 0 5 23 20 0 0 
9 16 
35 3 0 7 3 7 24 0 3 14 24 4 0 8 12 13 14 0 3 18 10 12 0 4 22 
9 17 
37 0 11 0 0 3 28 17 0 0 19 6 23 0 0 9 15 24 0 0 6 16 26 0 0 
9 18 
33 0 15 0 0 2 30 16 0 0 13 4 31 0 0 5 14 29 0 0 8 20 20 0 0 
9 19 
40 0 0 0 8 6 0 0 0 42 9 0 0 0 39 10 0 0 0 38 6 0 0 0 42 
9 20 
44 4 0 0 0 18 30 0 0 0 37 11 0 0 0 21 27 0 0 0 16 32 0 0 0 
9 21 
38 0 0 0 10 9 0 0 0 39 15 0 0 0 33 10 0 0 0 38 9 0 0 0 39 
9 23 
43 0 0 5 0 7 10 0 31 0 24 1 0 23 0 20 3 0 25 0 12 6 0 30 0 
9 24 
27 0 21 0 0 2 20 26 0 0 11 3 34 0 0 0 13 35 0 0 1 18 29 0 0 
9 25 
37 0 8 0 3 6 0 11 0 31 13 0 24 0 11 5 0 16 0 27 6 0 19 0 23 
9 26 
28 1 19 0 0 4 32 4 8 0 18 8 20 2 0 6 18 12 12 0 6 24 8 10 0 
9 27 
24 1 18 5 0 3 28 8 9 0 7 6 12 23 0 2 19 9 18 0 1 21 8 18 0 
9 28 
31 0 17 0 0 5 24 10 9 0 13 5 25 5 0 7 13 18 10 0 7 19 13 9 0 
9 29 
29 0 19 0 0 4 0 14 0 30 11 0 22 0 15 6 0 14 0 28 2 0 17 0 29 
9 30 
37 1 10 0 0 2 35 11 0 0 19 10 19 0 0 11 20 17 0 0 8 19 21 0 0 
9 31 
26 2 20 0 0 4 35 9 0 0 4 18 26 0 0 9 27 12 0 0 4 34 10 0 0 
9 32 
34 0 14 0 0 3 28 17 0 0 12 2 34 0 0 7 13 28 0 0 9 23 16 0 0 
