light1
2.6549134
2.5260398
2.675208
2.5174382
2.6188362
2.5362115
2.6774862
2.5121167
2.6736586
2.6776483
2.654772
2.4998164
2.5906909
2.5657687
2.3978088
2.663058
2.3327873
1.8456582
2.0829487
1.6841166
2.1282487
2.1132064
2.1742194
2.400776
2.1681168
2.4223752
2.1624866
2.5790777
2.6640227
2.3625894
deep2
5.971276
6.3235116
6.360791
6.3440466
6.0129104
6.307344
6.339428
6.0438166
5.8182893
5.8591304
5.850463
5.351398
5.6356688
5.511247
6.2365737
5.700293
5.6754704
4.735719
3.9806092
4.398625
4.988832
5.058652
5.3247323
5.3683143
5.307859
5.4286866
5.360667
5.3648186
5.6944466
5.3723097
medium3
3.893739
3.9165137
4.4398074
3.9036052
3.8977401
3.8578656
4.497423
4.0033894
3.8563783
3.865049
3.8983588
3.761953
4.326555
3.7162964
4.020466
4.375839
3.97839
3.7121603
3.7232323
3.680373
4.1699686
4.1532784
4.3883457
4.1205215
4.392487
4.1069517
4.3964596
4.247867
4.365312
3.9263086
light4
4.915238
4.66616
3.5163746
4.6753755
4.8784614
4.670237
8.659317
3.3023345
8.956812
7.4166245
7.5735464
4.3990955
5.0258536
4.550781
3.645056
5.780115
3.9450703
3.7656689
4.2009606
9.084051
9.703414
9.730281
5.753393
3.589163
4.836052
3.4607532
4.81309
2.8308554
5.7367826
3.7587612
medium5
5.34829
4.784338
5.5055046
4.7648535
5.419389
4.8106947
5.5456696
4.421736
5.2478237
5.278816
5.2976766
4.6877623
5.4461613
5.5348516
5.110464
5.153185
5.0618615
4.6632786
4.5949078
5.049216
5.2057714
5.1984787
4.7250504
4.744102
4.7324324
4.792751
4.74144
4.6817346
5.1651597
4.7732873
