light1
2.5728247
2.2598648
2.464305
2.2555513
2.5355647
2.2691257
2.4685693
2.2670345
2.5448318
2.553026
2.5206087
2.3329794
2.3806226
2.340472
2.1789298
2.501873
2.117545
1.5961186
1.9496644
1.4119064
1.9591882
1.9518515
1.9636632
2.2660227
1.9534541
2.2923324
1.9491841
2.3283288
2.5010917
2.1470306
deep2
4.7422385
4.5910583
4.8247843
4.614806
4.802176
4.5797615
4.8304358
4.580956
4.429273
4.461666
4.437704
4.059593
4.4110837
4.2043576
4.5815287
4.554824
4.413003
3.7774618
3.3427172
3.6143022
4.074139
4.1516523
4.169784
4.084914
4.14755
4.166993
4.2125325
4.212162
4.544391
4.1997557
medium3
3.7925992
3.7373765
4.3619123
3.7271569
3.8001251
3.6806357
4.427121
3.8865747
3.8003085
3.8083034
3.839981
3.675613
4.2724347
3.6245422
3.9235783
4.2907114
3.878031
3.6257856
3.684966
3.623046
4.118011
4.106176
4.280006
3.9646952
4.2815757
3.9556484
4.2869034
4.162073
4.2801104
3.8187978
light4
4.9270744
4.673854
3.5366752
4.682778
4.8905787
4.677493
8.716611
3.313787
9.004318
7.4559965
7.6129746
4.392805
5.047746
4.5486717
3.6556602
5.8134975
3.9673302
3.7913184
4.236067
9.164468
9.796097
9.823329
5.7952538
3.597649
4.869262
3.471154
4.846469
2.844312
5.770891
3.7762704
medium5
5.299256
4.6868067
5.4722385
4.6742487
5.3706136
4.7209215
5.517107
4.3702784
5.2073803
5.2352386
5.255538
4.6290402
5.4022
5.467606
5.0747185
5.1362123
5.033576
4.6429024
4.5974665
5.040547
5.2020645
5.1941404
4.6868534
4.678479
4.6888757
4.730736
4.7024994
4.6548953
5.147864
4.737677
