0 0 0 0 0 0 0 4 4 4 4 4 5 5 6 6 6 6 6 7 7 7 7 7 8 8 8 8 8 10 10 10 10 10 10 10 10 10 10 10 10 10 10 10 16 16 16 16 
0 0 0 0 0 3 4 4 4 4 4 5 5 6 6 6 6 6 7 7 7 7 7 8 8 8 8 8 10 10 10 10 10 10 10 10 10 10 10 10 10 10 10 16 16 16 16 16 
1 1 1 3 3 4 4 4 4 4 5 5 6 6 6 6 6 7 7 7 7 7 8 8 8 8 8 10 10 10 10 10 10 10 10 10 10 10 10 10 10 10 16 16 16 16 16 16 
2 2 3 3 4 4 4 4 5 5 5 6 6 6 6 6 7 7 7 7 7 8 8 8 8 8 10 10 10 10 10 10 10 10 10 10 10 10 10 10 10 16 16 16 16 16 16 16 
2 3 3 3 4 4 4 5 5 5 6 6 6 6 6 7 7 7 7 7 8 8 8 8 8 10 10 10 10 10 10 10 10 10 10 10 10 10 10 10 10 16 16 16 16 16 16 16 
3 3 3 4 4 4 5 5 5 6 6 6 6 6 7 7 7 7 7 8 8 8 8 8 10 10 10 10 10 10 10 10 10 10 10 10 10 10 10 10 16 16 16 16 16 16 16 16 
3 3 4 4 4 5 5 5 6 6 6 6 6 7 7 7 7 7 8 8 8 8 8 8 10 10 10 10 10 10 10 10 10 10 10 10 10 10 10 16 16 16 16 16 16 16 16 16 
3 4 4 4 5 5 5 6 6 6 6 6 7 7 7 7 7 8 8 8 8 8 8 10 10 10 10 10 10 10 10 10 10 10 10 10 10 10 16 16 16 16 16 16 16 16 16 16 
4 4 5 5 5 5 6 6 6 6 6 7 7 7 7 7 8 8 8 8 8 8 10 10 10 10 10 10 10 10 10 10 10 10 10 10 10 16 16 16 16 16 16 16 16 16 16 16 
4 5 5 5 5 6 6 6 6 6 7 7 7 7 7 8 8 8 8 8 8 10 10 10 10 10 10 10 10 10 10 10 10 10 10 10 16 16 16 16 16 16 16 16 16 16 16 16 
5 5 5 6 6 6 6 6 6 7 7 7 7 7 8 8 8 8 8 8 10 10 10 10 10 10 10 10 10 10 10 10 10 10 10 16 16 16 16 16 16 16 16 16 16 16 16 16 
5 5 6 6 6 6 6 6 7 7 7 7 7 8 8 8 8 8 8 10 10 10 10 10 10 10 10 10 10 10 10 10 10 10 16 16 16 16 16 16 16 16 16 16 16 16 16 16 
5 6 6 6 6 6 7 7 7 7 7 7 8 8 8 8 8 8 10 10 10 10 10 10 10 10 10 10 10 10 10 10 10 11 16 16 16 16 16 16 16 16 16 16 16 16 16 16 
6 6 6 6 6 7 7 7 7 7 7 8 8 8 8 8 8 8 10 10 10 10 10 10 10 10 10 10 10 10 10 10 11 16 16 16 16 16 16 16 16 16 16 16 16 16 16 16 
6 6 6 6 7 7 7 7 7 7 8 8 8 8 8 8 8 10 10 10 10 10 10 10 10 10 10 10 10 10 10 11 16 16 16 16 16 16 16 16 16 16 16 16 16 16 16 16 
6 6 6 7 7 7 7 7 7 8 8 8 8 8 8 8 10 10 10 10 10 10 10 10 10 10 10 10 10 11 11 16 16 16 16 16 16 16 16 16 16 16 16 16 16 16 16 16 
6 6 7 7 7 7 7 7 8 8 8 8 8 8 8 10 10 10 10 10 10 10 10 10 10 10 10 10 11 11 16 16 16 16 16 16 16 16 16 16 16 16 16 16 16 16 16 16 
6 7 7 7 7 7 7 8 8 8 8 8 8 8 10 10 10 10 10 10 10 10 10 10 10 10 10 11 11 16 16 16 16 16 16 16 16 16 16 16 16 16 16 16 16 16 16 16 
7 7 7 7 7 7 8 8 8 8 8 8 8 10 10 10 10 10 10 10 10 10 10 10 10 10 11 11 11 16 16 16 16 16 16 16 16 16 16 16 16 16 16 16 16 16 16 16 
7 7 7 7 7 7 8 8 8 8 8 8 8 10 10 10 10 10 10 10 10 10 10 10 10 11 11 11 16 16 16 16 16 16 16 16 16 16 16 16 16 16 16 16 16 16 16 16 
7 7 7 7 7 8 8 8 8 8 8 8 10 10 10 10 10 10 10 10 10 10 10 11 11 11 11 16 16 16 16 16 16 16 16 16 16 16 16 16 16 16 16 16 16 16 16 16 
7 7 7 7 8 8 8 8 8 8 8 10 10 10 10 10 10 10 10 10 10 10 11 11 11 11 16 16 16 16 16 16 16 16 16 16 16 16 16 16 16 16 16 16 16 16 16 18 
7 7 7 8 8 8 8 8 8 8 10 10 10 10 10 10 10 10 10 10 10 11 11 11 11 16 16 16 16 16 16 16 16 16 16 16 16 16 16 16 16 16 16 16 16 16 18 18 
7 7 8 8 8 8 8 8 8 10 10 10 10 10 10 10 10 10 10 10 11 11 11 11 11 16 16 16 16 16 16 16 16 16 16 16 16 16 16 16 16 16 16 16 16 18 18 18 
7 8 8 8 8 8 8 8 10 10 10 10 10 10 10 10 10 10 10 11 11 11 11 11 16 16 16 16 16 16 16 16 16 16 16 16 16 16 16 16 16 16 16 18 18 18 18 26 
8 8 8 8 8 8 8 8 10 10 10 10 10 10 10 10 10 10 11 11 11 11 11 16 16 16 16 16 16 16 16 16 16 16 16 16 16 16 16 16 16 16 18 18 18 18 26 26 
8 8 8 8 8 8 8 10 10 10 10 10 10 10 10 10 11 11 11 11 11 11 16 16 16 16 16 16 16 16 16 16 16 16 16 16 16 16 16 16 16 18 18 18 18 21 26 26 
9 9 9 9 9 9 10 10 10 10 10 10 10 10 10 11 11 11 11 11 11 13 16 16 16 16 16 16 16 16 16 16 16 16 16 16 16 16 16 16 18 18 18 18 21 26 26 26 
9 9 9 9 9 9 10 10 10 10 10 10 10 10 11 11 11 11 11 11 13 16 16 16 16 16 16 16 16 16 16 16 16 16 16 16 16 16 16 18 18 18 18 21 26 26 26 26 
9 9 9 9 9 9 10 10 10 10 10 10 10 11 11 11 11 11 11 13 16 16 16 16 16 16 16 16 16 16 16 16 16 16 16 16 16 16 18 18 18 18 21 26 26 26 26 26 
9 9 9 9 9 9 10 10 10 10 10 10 11 11 11 11 11 11 13 13 16 16 16 16 16 16 16 16 16 16 16 16 16 16 16 16 18 18 18 18 18 21 21 26 26 26 26 26 
9 9 9 9 9 10 10 10 10 10 10 11 11 11 11 11 11 13 13 16 16 16 16 16 16 16 16 16 16 16 16 16 16 16 16 18 18 18 18 18 21 21 26 26 26 26 26 26 
9 9 9 9 9 10 10 10 10 11 11 11 11 11 11 13 13 13 16 16 16 16 16 16 16 16 16 16 16 16 16 16 16 16 18 18 18 18 18 21 21 26 26 26 26 26 26 26 
9 9 9 9 9 10 10 10 11 11 11 11 11 11 13 13 13 13 16 16 16 16 16 16 16 16 16 16 16 16 16 16 16 18 18 18 18 18 21 21 21 26 26 26 26 26 26 26 
12 12 12 12 12 10 10 11 11 11 11 11 11 13 13 13 13 16 16 16 16 16 16 16 16 16 16 16 16 16 16 16 18 18 18 18 18 21 21 21 26 26 26 26 26 26 26 26 
12 12 12 12 12 12 11 11 11 11 11 11 13 13 13 13 16 16 16 16 16 16 16 16 16 16 16 16 16 16 16 18 18 18 18 18 21 21 21 26 26 26 26 26 26 26 26 26 
12 12 12 12 12 12 11 11 11 11 11 13 13 13 13 16 16 16 16 16 16 16 16 16 16 16 16 16 16 18 18 18 18 18 18 21 21 21 26 26 26 26 26 26 26 26 26 26 
12 12 12 12 12 12 11 11 11 11 13 13 13 13 13 16 16 16 16 16 16 16 16 16 16 16 16 16 18 18 18 18 18 18 21 21 21 21 26 26 26 26 26 26 26 26 26 26 
12 12 12 12 12 12 11 11 11 13 13 13 13 13 16 16 16 16 16 16 16 16 16 16 16 16 16 18 18 18 18 18 18 21 21 21 21 26 26 26 26 26 26 26 26 26 26 26 
12 12 12 12 12 12 11 11 13 13 13 13 13 16 16 16 16 16 16 16 16 16 16 16 16 16 18 18 18 18 18 18 21 21 21 21 26 26 26 26 26 26 26 26 26 26 26 26 
12 12 12 12 12 12 11 13 13 13 13 13 13 16 16 16 16 16 16 16 16 16 16 16 16 18 18 18 18 18 18 21 21 21 21 26 26 26 26 26 26 26 26 26 26 26 26 26 
12 12 12 12 12 12 13 13 13 13 13 13 16 16 16 16 16 16 16 16 16 16 16 16 18 18 18 18 18 18 21 21 21 21 21 26 26 26 26 26 26 26 26 26 26 26 26 26 
12 12 12 12 12 12 13 13 13 13 13 16 16 16 16 16 16 16 16 16 16 16 18 18 18 18 18 18 18 21 21 21 21 21 26 26 26 26 26 26 26 26 26 26 26 26 26 26 
12 12 15 15 15 15 13 13 13 13 13 16 16 16 16 16 16 16 16 16 16 18 18 18 18 18 18 18 21 21 21 21 21 26 26 26 26 26 26 26 26 26 26 26 26 26 26 26 
15 15 15 15 15 15 14 13 13 13 16 16 16 16 16 16 16 16 16 16 18 18 18 18 18 18 18 21 21 21 21 21 23 26 26 26 26 26 26 26 26 26 26 26 26 26 26 26 
15 15 15 15 15 15 14 14 14 16 16 16 16 16 16 16 16 16 16 18 18 18 18 18 18 18 21 21 21 21 21 23 26 26 26 26 26 26 26 26 26 26 26 26 26 26 26 26 
15 15 15 15 15 15 14 14 14 16 16 16 16 16 16 16 16 16 18 18 18 18 18 18 18 21 21 21 21 21 23 23 26 26 26 26 26 26 26 26 26 26 26 26 26 26 26 26 
15 15 15 15 15 15 14 14 14 16 16 16 16 16 16 16 16 18 18 18 18 18 18 18 21 21 21 21 21 21 23 26 26 26 26 26 26 26 26 26 26 26 26 26 26 26 26 26 
15 15 15 15 15 15 15 14 14 16 16 16 16 16 16 18 18 18 18 18 18 18 18 21 21 21 21 21 21 23 26 26 26 26 26 26 26 26 26 26 26 26 26 26 26 26 26 26 
15 15 15 15 15 15 15 14 14 16 16 16 16 16 18 18 18 18 18 18 18 18 21 21 21 21 21 21 23 23 26 26 26 26 26 26 26 26 26 26 26 26 26 26 26 26 26 26 
15 15 15 15 15 15 15 14 14 16 16 16 16 18 18 18 18 18 18 18 18 21 21 21 21 21 21 23 23 26 26 26 26 26 26 26 26 26 26 26 26 26 26 26 26 26 26 26 
15 15 15 15 15 15 15 14 17 16 16 16 18 18 18 18 18 18 18 18 21 21 21 21 21 21 23 23 26 26 26 26 26 26 26 26 26 26 26 26 26 26 26 26 26 26 26 26 
15 15 15 15 15 15 15 17 17 17 16 18 18 18 18 18 18 18 18 21 21 21 21 21 21 23 23 23 26 26 26 26 26 26 26 26 26 26 26 26 26 26 26 26 26 26 26 26 
15 15 15 15 15 15 17 17 17 17 18 18 18 18 18 18 18 18 21 21 21 21 21 21 23 23 23 26 26 26 26 26 26 26 26 26 26 26 26 26 26 26 26 26 26 26 26 26 
15 15 15 15 15 15 17 17 17 17 18 18 18 18 18 18 18 21 21 21 21 21 21 23 23 23 23 26 26 26 26 26 26 26 26 26 26 26 26 26 26 26 26 26 26 26 26 26 
15 15 15 19 19 19 17 17 17 17 18 18 18 18 18 18 21 21 21 21 21 21 21 23 23 23 26 26 26 26 26 26 26 26 26 26 26 26 26 26 26 26 26 26 26 26 26 26 
19 19 19 19 19 19 19 17 17 17 18 18 18 18 18 21 21 21 21 21 21 21 23 23 23 26 26 26 26 26 26 26 26 26 26 26 26 26 26 26 26 26 26 26 26 26 26 26 
19 19 19 19 19 19 19 17 17 17 18 18 18 18 21 21 21 21 21 21 21 23 23 23 23 26 26 26 26 26 26 26 26 26 26 26 26 26 26 26 26 26 26 26 26 26 26 26 
19 19 19 19 19 19 19 19 20 20 18 18 18 21 21 21 21 21 21 21 23 23 23 23 26 26 26 26 26 26 26 26 26 26 26 26 26 26 26 26 26 26 26 26 26 26 26 26 
19 19 19 19 19 19 19 19 20 20 20 18 21 21 21 21 21 21 21 23 23 23 23 23 26 26 26 26 26 26 26 26 26 26 26 26 26 26 26 26 26 26 26 26 26 26 26 26 
19 19 19 19 19 19 19 19 20 20 20 21 21 21 21 21 21 21 23 23 23 23 23 26 26 26 26 26 26 26 26 26 26 26 26 26 26 26 26 26 26 26 26 26 26 26 26 26 
19 19 19 19 19 19 19 19 20 20 20 21 21 21 21 21 21 23 23 23 23 23 26 26 26 26 26 26 26 26 26 26 26 26 26 26 26 26 26 26 26 26 26 26 26 26 26 26 
19 19 19 19 19 19 19 19 20 20 20 21 21 21 21 21 21 23 23 23 23 23 26 26 26 26 26 26 26 26 26 26 26 26 26 26 26 26 26 26 26 26 26 26 26 26 26 26 
19 19 19 19 19 19 19 19 20 20 20 21 21 21 21 21 23 23 23 23 23 26 26 26 26 26 26 26 26 26 26 26 26 26 26 26 26 26 26 26 26 26 26 26 26 26 26 26 
19 19 19 19 19 19 19 19 20 20 20 21 21 21 21 23 23 23 23 23 26 26 26 26 26 26 26 26 26 26 26 26 26 26 26 26 26 26 26 26 26 26 26 26 26 26 26 26 
19 19 19 19 19 19 19 19 20 20 22 22 21 21 23 23 23 23 23 23 26 26 26 26 26 26 26 26 26 26 26 26 26 26 26 26 26 26 26 26 26 26 26 26 26 26 31 31 
19 19 19 19 19 19 19 24 20 22 22 22 22 23 23 23 23 23 23 26 26 26 26 26 26 26 26 26 26 26 26 26 26 26 26 26 26 26 26 26 26 26 26 26 31 31 31 31 
19 19 19 19 19 19 24 24 24 22 22 22 22 23 23 23 23 23 23 26 26 26 26 26 26 26 26 26 26 26 26 26 26 26 26 26 26 26 26 26 26 26 26 31 31 31 31 31 
19 19 19 19 19 24 24 24 24 22 22 22 22 23 23 23 23 23 26 26 26 26 26 26 26 26 26 26 26 26 26 26 26 26 26 26 26 26 26 26 26 31 31 31 31 31 31 31 
19 19 19 19 24 24 24 24 24 24 22 22 22 23 23 23 23 26 26 26 26 26 26 26 26 26 26 26 26 26 26 26 26 26 26 26 26 26 26 31 31 31 31 31 31 31 31 31 
19 19 24 24 24 24 24 24 24 24 22 22 22 23 23 23 23 26 26 26 26 26 26 26 26 26 26 26 26 26 26 26 26 26 26 26 26 26 31 31 31 31 31 31 31 31 31 31 
19 24 24 24 24 24 24 24 24 24 22 22 25 23 23 23 26 26 26 26 26 26 26 26 26 26 26 26 26 26 26 26 26 26 26 26 31 31 31 31 31 31 31 31 31 31 31 31 
24 24 24 24 24 24 24 24 24 24 25 25 25 23 23 23 26 26 26 26 26 26 26 26 26 26 26 26 26 26 26 26 26 26 31 31 31 31 31 31 31 31 31 31 31 31 31 31 
24 24 24 24 24 24 24 24 24 24 25 25 25 25 23 26 26 26 26 26 26 26 26 26 26 26 26 26 26 26 26 26 26 31 31 31 31 31 31 31 31 31 31 31 31 31 31 31 
24 24 24 24 24 24 24 24 24 24 25 25 25 25 27 26 26 26 26 26 26 26 26 26 26 26 26 26 26 26 26 31 31 31 31 31 31 31 31 31 31 31 31 31 31 31 31 31 
24 24 24 24 24 24 24 24 24 24 25 25 25 25 27 26 26 26 26 26 26 26 26 26 26 26 26 26 26 31 31 31 31 31 31 31 31 31 31 31 31 31 31 31 31 31 31 31 
24 24 24 24 24 24 24 24 24 24 25 25 25 27 27 26 26 26 26 26 26 26 26 26 26 26 26 26 31 31 31 31 31 31 31 31 31 31 31 31 31 31 31 31 31 31 31 31 
24 24 24 24 24 24 24 24 24 24 25 25 25 27 27 26 26 26 26 26 26 26 26 26 26 29 31 31 31 31 31 31 31 31 31 31 31 31 31 31 31 31 31 31 31 31 31 31 
24 24 24 24 24 24 24 24 24 28 28 25 27 27 27 27 26 26 26 26 26 29 29 29 29 31 31 31 31 31 31 31 31 31 31 31 31 31 31 31 31 31 31 31 31 31 31 31 
24 24 24 24 24 24 24 24 28 28 28 28 27 27 27 27 26 26 29 29 29 29 29 29 29 31 31 31 31 31 31 31 31 31 31 31 31 31 31 31 31 31 31 31 31 31 31 31 
24 24 24 24 24 24 24 28 28 28 28 28 27 27 27 27 29 29 29 29 29 29 29 29 31 31 31 31 31 31 31 31 31 31 31 31 31 31 31 31 31 31 31 31 31 31 31 31 
24 24 24 24 24 24 28 28 28 28 28 28 28 27 27 29 29 29 29 29 29 29 29 31 31 31 31 31 31 31 31 31 31 31 31 31 31 31 31 31 31 31 31 31 31 31 31 31 
24 24 24 24 24 24 28 28 28 28 28 28 28 27 27 29 29 29 29 29 29 29 31 31 31 31 31 31 31 31 31 31 31 31 31 31 31 31 31 31 31 31 31 31 31 31 31 31 
24 24 24 24 24 28 28 28 28 28 28 28 28 30 30 29 29 29 29 29 29 31 31 31 31 31 31 31 31 31 31 31 31 31 31 31 31 31 31 31 31 31 31 31 31 31 31 31 
24 24 24 24 28 28 28 28 28 28 28 28 28 30 30 29 29 29 29 29 31 31 31 31 31 31 31 31 31 31 31 31 31 31 31 31 31 31 31 31 31 31 31 31 31 31 31 31 
24 24 24 28 28 28 28 28 28 28 28 28 28 30 30 29 29 29 29 31 31 31 31 31 31 31 31 31 31 31 31 31 31 31 31 31 31 31 31 31 31 31 31 31 31 31 31 31 
24 24 28 28 28 28 28 28 28 28 28 28 30 30 30 30 29 29 31 31 31 31 31 31 31 31 31 31 31 31 31 31 31 31 31 31 31 31 31 31 31 31 31 31 31 31 31 31 
24 28 28 28 28 28 28 28 28 28 28 28 30 30 30 30 29 31 31 31 31 31 31 31 31 31 31 31 31 31 31 31 31 31 31 31 31 31 31 31 31 31 31 31 31 31 31 31 
28 28 28 28 28 28 28 28 28 28 28 28 30 30 30 30 31 31 31 31 31 31 31 31 31 31 31 31 31 31 31 31 31 31 31 31 31 31 31 31 31 31 31 31 31 31 31 31 
28 28 28 28 28 28 28 28 28 28 28 28 30 30 30 30 31 31 31 31 31 31 31 31 31 31 31 31 31 31 31 31 31 31 31 31 31 31 31 31 31 31 31 31 31 31 31 31 
28 28 28 28 28 28 28 28 28 28 28 30 30 30 30 30 31 31 31 31 31 31 31 31 31 31 31 31 31 31 31 31 31 31 31 31 31 31 31 31 31 31 31 31 31 31 31 31 
28 28 28 28 28 28 28 28 28 28 28 30 30 30 30 30 31 31 31 31 31 31 31 31 31 31 31 31 31 31 31 31 31 31 31 31 31 31 31 31 31 31 31 31 31 31 31 31 
28 28 28 28 28 28 28 28 28 28 28 30 30 30 30 30 31 31 31 31 31 31 31 31 31 31 31 31 31 31 31 31 31 31 31 31 31 31 31 31 31 31 31 31 31 31 31 31 
28 28 28 28 28 28 28 28 28 28 28 30 30 30 30 30 31 31 31 31 31 31 31 31 31 31 31 31 31 31 31 31 31 31 31 31 31 31 31 31 31 31 31 31 31 31 31 31 
28 28 28 28 28 28 28 28 28 28 30 30 30 30 30 30 31 31 31 31 31 31 31 31 31 31 31 31 31 31 31 31 31 31 31 31 31 31 31 31 31 31 31 31 31 31 31 31 
28 28 28 28 28 28 28 28 28 28 30 30 30 30 30 31 31 31 31 31 31 31 31 31 31 31 31 31 31 31 31 31 31 31 31 31 31 31 31 31 31 31 31 31 31 31 31 31 
28 28 28 28 28 28 28 28 28 28 30 30 30 30 30 31 31 31 31 31 31 31 31 31 31 31 31 31 31 31 31 31 31 31 31 31 31 31 31 31 31 31 31 31 31 31 31 31 
28 28 28 28 28 28 28 28 28 30 30 30 30 30 30 31 31 31 31 31 31 31 31 31 31 31 31 31 31 31 31 31 31 31 31 31 31 31 31 31 31 31 31 31 31 31 31 31 
28 28 28 28 28 28 28 28 28 30 30 30 30 30 30 31 31 31 31 31 31 31 31 31 31 31 31 31 31 31 31 31 31 31 31 31 31 31 31 31 31 31 31 31 31 31 31 31 
28 28 28 28 28 28 28 28 28 30 30 30 30 30 30 31 31 31 31 31 31 31 31 31 31 31 31 31 31 31 31 31 31 31 31 31 31 31 31 31 31 31 31 31 31 31 31 31 
28 28 28 28 28 28 28 28 28 30 30 30 30 30 30 31 31 31 31 31 31 31 31 31 31 31 31 31 31 31 31 31 31 31 31 31 31 31 31 31 31 31 31 31 31 31 31 31 
28 28 28 28 28 28 28 28 30 30 30 30 30 30 30 31 31 31 31 31 31 31 31 31 31 31 31 31 31 31 31 31 31 31 31 31 31 31 31 31 31 31 31 31 31 31 31 31 
28 28 28 28 28 28 28 28 30 30 30 30 30 30 30 31 31 31 31 31 31 31 31 31 31 31 31 31 31 31 31 31 31 31 31 31 31 31 31 31 31 31 31 31 31 31 31 31 
28 28 28 28 28 28 28 28 30 30 30 30 30 30 30 31 31 31 31 31 31 31 31 31 31 31 31 31 31 31 31 31 31 31 31 31 31 31 31 31 31 31 31 31 31 31 31 31 
28 28 28 28 28 28 28 28 30 30 30 30 30 30 30 31 31 31 31 31 31 31 31 31 31 31 31 31 31 31 31 31 31 31 31 31 31 31 31 31 31 31 31 31 31 31 31 31 
28 28 28 28 28 28 28 30 30 30 30 30 30 30 31 31 31 31 31 31 31 31 31 31 31 31 31 31 31 31 31 31 31 31 31 31 31 31 31 31 31 31 31 31 31 31 31 31 
28 28 28 28 28 28 28 30 30 30 30 30 30 30 31 31 31 31 31 31 31 31 31 31 31 31 31 31 31 31 31 31 31 31 31 31 31 31 31 31 31 31 31 31 31 31 31 31 
28 28 28 28 28 28 28 30 30 30 30 30 30 30 31 31 31 31 31 31 31 31 31 31 31 31 31 31 31 31 31 31 31 31 31 31 31 31 31 31 31 31 31 31 31 31 31 31 
28 28 28 28 28 28 28 30 30 30 30 30 30 30 31 31 31 31 31 31 31 31 31 31 31 31 31 31 31 31 31 31 31 31 31 31 31 31 31 31 31 31 31 31 31 31 31 31 
28 28 28 28 28 28 30 30 30 30 30 30 30 30 31 31 31 31 31 31 31 31 31 31 31 31 31 31 31 31 31 31 31 31 31 31 31 31 31 31 31 31 31 31 31 31 31 31 
28 28 28 28 28 28 30 30 30 30 30 30 30 30 31 31 31 31 31 31 31 31 31 31 31 31 31 31 31 31 31 31 31 31 31 31 31 31 31 31 31 31 31 31 31 31 31 31 
28 28 28 28 28 28 30 30 30 30 30 30 30 30 31 31 31 31 31 31 31 31 31 31 31 31 31 31 31 31 31 31 31 31 31 31 31 31 31 31 31 31 31 31 31 31 31 31 
28 28 28 28 28 28 30 30 30 30 30 30 30 30 31 31 31 31 31 31 31 31 31 31 31 31 31 31 31 31 31 31 31 31 31 31 31 31 31 31 31 31 31 31 31 31 31 31 
28 28 28 28 28 30 30 30 30 30 30 30 30 30 31 31 31 31 31 31 31 31 31 31 31 31 31 31 31 31 31 31 31 31 31 31 31 31 31 31 31 31 31 31 31 31 31 31 
28 28 28 28 28 30 30 30 30 30 30 30 30 30 31 31 31 31 31 31 31 31 31 31 31 31 31 31 31 31 31 31 31 31 31 31 31 31 31 31 31 31 31 31 31 31 31 31 
28 28 28 28 28 30 30 30 30 30 30 30 30 31 31 31 31 31 31 31 31 31 31 31 31 31 31 31 31 31 31 31 31 31 31 31 31 31 31 31 31 31 31 31 31 31 31 31 
28 28 28 28 28 30 30 30 30 30 30 30 30 31 31 31 31 31 31 31 31 31 31 31 31 31 31 31 31 31 31 31 31 31 31 31 31 31 31 31 31 31 31 31 31 31 31 31 
28 28 28 28 30 30 30 30 30 30 30 30 30 31 31 31 31 31 31 31 31 31 31 31 31 31 31 31 31 31 31 31 31 31 31 31 31 31 31 31 31 31 31 31 31 31 31 31 
28 28 28 28 30 30 30 30 30 30 30 30 30 31 31 31 31 31 31 31 31 31 31 31 31 31 31 31 31 31 31 31 31 31 31 31 31 31 31 31 31 31 31 31 31 31 31 31 
28 28 28 28 30 30 30 30 30 30 30 30 30 31 31 31 31 31 31 31 31 31 31 31 31 31 31 31 31 31 31 31 31 31 31 31 31 31 31 31 31 31 31 31 31 31 31 31 
28 28 28 28 30 30 30 30 30 30 30 30 30 31 31 31 31 31 31 31 31 31 31 31 31 31 31 31 31 31 31 31 31 31 31 31 31 31 31 31 31 31 31 31 31 31 31 31 
28 28 28 30 30 30 30 30 30 30 30 30 30 31 31 31 31 31 31 31 31 31 31 31 31 31 31 31 31 31 31 31 31 31 31 31 31 31 31 31 31 31 31 31 31 31 31 31 
28 28 28 30 30 30 30 30 30 30 30 30 30 31 31 31 31 31 31 31 31 31 31 31 31 31 31 31 31 31 31 31 31 31 31 31 31 31 31 31 31 31 31 31 31 31 31 31 
28 28 28 30 30 30 30 30 30 30 30 30 30 31 31 31 31 31 31 31 31 31 31 31 31 31 31 31 31 31 31 31 31 31 31 31 31 31 31 31 31 31 31 31 31 31 31 31 
28 28 28 30 30 30 30 30 30 30 30 30 31 31 31 31 31 31 31 31 31 31 31 31 31 31 31 31 31 31 31 31 31 31 31 31 31 31 31 31 31 31 31 31 31 31 31 31 
28 28 30 30 30 30 30 30 30 30 30 30 31 31 31 31 31 31 31 31 31 31 31 31 31 31 31 31 31 31 31 31 31 31 31 31 31 31 31 31 31 31 31 31 31 31 31 31 
28 28 30 30 30 30 30 30 30 30 30 30 31 31 31 31 31 31 31 31 31 31 31 31 31 31 31 31 31 31 31 31 31 31 31 31 31 31 31 31 31 31 31 31 31 31 31 31 
28 28 30 30 30 30 30 30 30 30 30 30 31 31 31 31 31 31 31 31 31 31 31 31 31 31 31 31 31 31 31 31 31 31 31 31 31 31 31 31 31 31 31 31 31 31 31 31 
28 28 30 30 30 30 30 30 30 30 30 30 31 31 31 31 31 31 31 31 31 31 31 31 31 31 31 31 31 31 31 31 31 31 31 31 31 31 31 31 31 31 31 31 31 31 31 31 
28 30 30 30 30 30 30 30 30 30 30 30 31 31 31 31 31 31 31 31 31 31 31 31 31 31 31 31 31 31 31 31 31 31 31 31 31 31 31 31 31 31 31 31 31 31 31 31 
28 30 30 30 30 30 30 30 30 30 30 30 31 31 31 31 31 31 31 31 31 31 31 31 31 31 31 31 31 31 31 31 31 31 31 31 31 31 31 31 31 31 31 31 31 31 31 31 
28 30 30 30 30 30 30 30 30 30 30 30 31 31 31 31 31 31 31 31 31 31 31 31 31 31 31 31 31 31 31 31 31 31 31 31 31 31 31 31 31 31 31 31 31 31 31 31 
28 30 30 30 30 30 30 30 30 30 30 30 31 31 31 31 31 31 31 31 31 31 31 31 31 31 31 31 31 31 31 31 31 31 31 31 31 31 31 31 31 31 31 31 31 31 31 31 
30 30 30 30 30 30 30 30 30 30 30 30 31 31 31 31 31 31 31 31 31 31 31 31 31 31 31 31 31 31 31 31 31 31 31 31 31 31 31 31 31 31 31 31 31 31 31 31 
30 30 30 30 30 30 30 30 30 30 30 31 31 31 31 31 31 31 31 31 31 31 31 31 31 31 31 31 31 31 31 31 31 31 31 31 31 31 31 31 31 31 31 31 31 31 31 31 
30 30 30 30 30 30 30 30 30 30 30 31 31 31 31 31 31 31 31 31 31 31 31 31 31 31 31 31 31 31 31 31 31 31 31 31 31 31 31 31 31 31 31 31 31 31 31 31 
30 30 30 30 30 30 30 30 30 30 30 31 31 31 31 31 31 31 31 31 31 31 31 31 31 31 31 31 31 31 31 31 31 31 31 31 31 31 31 31 31 31 31 31 31 31 31 31 
30 30 30 30 30 30 30 30 30 30 30 31 31 31 31 31 31 31 31 31 31 31 31 31 31 31 31 31 31 31 31 31 31 31 31 31 31 31 31 31 31 31 31 31 31 31 31 31 
30 30 30 30 30 30 30 30 30 30 30 31 31 31 31 31 31 31 31 31 31 31 31 31 31 31 31 31 31 31 31 31 31 31 31 31 31 31 31 31 31 31 31 31 31 31 31 31 
30 30 30 30 30 30 30 30 30 30 30 31 31 31 31 31 31 31 31 31 31 31 31 31 31 31 31 31 31 31 31 31 31 31 31 31 31 31 31 31 31 31 31 31 31 31 31 31 
30 30 30 30 30 30 30 30 30 30 30 31 31 31 31 31 31 31 31 31 31 31 31 31 31 31 31 31 31 31 31 31 31 31 31 31 31 31 31 31 31 31 31 31 31 31 31 31 
30 30 30 30 30 30 30 30 30 30 30 31 31 31 31 31 31 31 31 31 31 31 31 31 31 31 31 31 31 31 31 31 31 31 31 31 31 31 31 31 31 31 31 31 31 31 31 31 
30 30 30 30 30 30 30 30 30 30 30 31 31 31 31 31 31 31 31 31 31 31 31 31 31 31 31 31 31 31 31 31 31 31 31 31 31 31 31 31 31 31 31 31 31 31 31 31 
30 30 30 30 30 30 30 30 30 30 30 31 31 31 31 31 31 31 31 31 31 31 31 31 31 31 31 31 31 31 31 31 31 31 31 31 31 31 31 31 31 31 31 31 31 31 31 31 
30 30 30 30 30 30 30 30 30 30 31 31 31 31 31 31 31 31 31 31 31 31 31 31 31 31 31 31 31 31 31 31 31 31 31 31 31 31 31 31 31 31 31 31 31 31 31 31 
30 30 30 30 30 30 30 30 30 30 31 31 31 31 31 31 31 31 31 31 31 31 31 31 31 31 31 31 31 31 31 31 31 31 31 31 31 31 31 31 31 31 31 31 31 31 31 31 
30 30 30 30 30 30 30 30 30 30 31 31 31 31 31 31 31 31 31 31 31 31 31 31 31 31 31 31 31 31 31 31 31 31 31 31 31 31 31 31 31 31 31 31 31 31 31 31 
30 30 30 30 30 30 30 30 30 30 31 31 31 31 31 31 31 31 31 31 31 31 31 31 31 31 31 31 31 31 31 31 31 31 31 31 31 31 31 31 31 31 31 31 31 31 31 31 
30 30 30 30 30 30 30 30 30 30 31 31 31 31 31 31 31 31 31 31 31 31 31 31 31 31 31 31 31 31 31 31 31 31 31 31 31 31 31 31 31 31 31 31 31 31 31 31 
30 30 30 30 30 30 30 30 30 30 31 31 31 31 31 31 31 31 31 31 31 31 31 31 31 31 31 31 31 31 31 31 31 31 31 31 31 31 31 31 31 31 31 31 31 31 31 31 
30 30 30 30 30 30 30 30 30 30 31 31 31 31 31 31 31 31 31 31 31 31 31 31 31 31 31 31 31 31 31 31 31 31 31 31 31 31 31 31 31 31 31 31 31 31 31 31 
30 30 30 30 30 30 30 30 30 30 31 31 31 31 31 31 31 31 31 31 31 31 31 31 31 31 31 31 31 31 31 31 31 31 31 31 31 31 31 31 31 31 31 31 31 31 31 31 
30 30 30 30 30 30 30 30 30 30 31 31 31 31 31 31 31 31 31 31 31 31 31 31 31 31 31 31 31 31 31 31 31 31 31 31 31 31 31 31 31 31 31 31 31 31 31 31 
30 30 30 30 30 30 30 30 30 31 31 31 31 31 31 31 31 31 31 31 31 31 31 31 31 31 31 31 31 31 31 31 31 31 31 31 31 31 31 31 31 31 31 31 31 31 31 31 
30 30 30 30 30 30 30 30 30 31 31 31 31 31 31 31 31 31 31 31 31 31 31 31 31 31 31 31 31 31 31 31 31 31 31 31 31 31 31 31 31 31 31 31 31 31 31 31 
30 30 30 30 30 30 30 30 30 31 31 31 31 31 31 31 31 31 31 31 31 31 31 31 31 31 31 31 31 31 31 31 31 31 31 31 31 31 31 31 31 31 31 31 31 31 31 31 
30 30 30 30 30 30 30 30 30 31 31 31 31 31 31 31 31 31 31 31 31 31 31 31 31 31 31 31 31 31 31 31 31 31 31 31 31 31 31 31 31 31 31 31 31 31 31 31 
30 30 30 30 30 30 30 30 30 31 31 31 31 31 31 31 31 31 31 31 31 31 31 31 31 31 31 31 31 31 31 31 31 31 31 31 31 31 31 31 31 31 31 31 31 31 31 31 
30 30 30 30 30 30 30 30 30 31 31 31 31 31 31 31 31 31 31 31 31 31 31 31 31 31 31 31 31 31 31 31 31 31 31 31 31 31 31 31 31 31 31 31 31 31 31 31 
30 30 30 30 30 30 30 30 30 31 31 31 31 31 31 31 31 31 31 31 31 31 31 31 31 31 31 31 31 31 31 31 31 31 31 31 31 31 31 31 31 31 31 31 31 31 31 31 
30 30 30 30 30 30 30 30 30 31 31 31 31 31 31 31 31 31 31 31 31 31 31 31 31 31 31 31 31 31 31 31 31 31 31 31 31 31 31 31 31 31 31 31 31 31 31 31 
30 30 30 30 30 30 30 30 30 31 31 31 31 31 31 31 31 31 31 31 31 31 31 31 31 31 31 31 31 31 31 31 31 31 31 31 31 31 31 31 31 31 31 31 31 31 31 31 
30 30 30 30 30 30 30 30 30 31 31 31 31 31 31 31 31 31 31 31 31 31 31 31 31 31 31 31 31 31 31 31 31 31 31 31 31 31 31 31 31 31 31 31 31 31 31 31 
30 30 30 30 30 30 30 30 31 31 31 31 31 31 31 31 31 31 31 31 31 31 31 31 31 31 31 31 31 31 31 31 31 31 31 31 31 31 31 31 31 31 31 31 31 31 31 31 
30 30 30 30 30 30 30 30 31 31 31 31 31 31 31 31 31 31 31 31 31 31 31 31 31 31 31 31 31 31 31 31 31 31 31 31 31 31 31 31 31 31 31 31 31 31 31 31 
30 30 30 30 30 30 30 30 31 31 31 31 31 31 31 31 31 31 31 31 31 31 31 31 31 31 31 31 31 31 31 31 31 31 31 31 31 31 31 31 31 31 31 31 31 31 31 31 
30 30 30 30 30 30 30 30 31 31 31 31 31 31 31 31 31 31 31 31 31 31 31 31 31 31 31 31 31 31 31 31 31 31 31 31 31 31 31 31 31 31 31 31 31 31 31 31 
30 30 30 30 30 30 30 30 31 31 31 31 31 31 31 31 31 31 31 31 31 31 31 31 31 31 31 31 31 31 31 31 31 31 31 31 31 31 31 31 31 31 31 31 31 31 31 31 
30 30 30 30 30 30 30 30 31 31 31 31 31 31 31 31 31 31 31 31 31 31 31 31 31 31 31 31 31 31 31 31 31 31 31 31 31 31 31 31 31 31 31 31 31 31 31 31 
30 30 30 30 30 30 30 30 31 31 31 31 31 31 31 31 31 31 31 31 31 31 31 31 31 31 31 31 31 31 31 31 31 31 31 31 31 31 31 31 31 31 31 31 31 31 31 31 
30 30 30 30 30 30 30 30 31 31 31 31 31 31 31 31 31 31 31 31 31 31 31 31 31 31 31 31 31 31 31 31 31 31 31 31 31 31 31 31 31 31 31 31 31 31 31 31 
30 30 30 30 30 30 30 30 31 31 31 31 31 31 31 31 31 31 31 31 31 31 31 31 31 31 31 31 31 31 31 31 31 31 31 31 31 31 31 31 31 31 31 31 31 31 31 31 
30 30 30 30 30 30 30 30 31 31 31 31 31 31 31 31 31 31 31 31 31 31 31 31 31 31 31 31 31 31 31 31 31 31 31 31 31 31 31 31 31 31 31 31 31 31 31 31 
30 30 30 30 30 30 30 31 31 31 31 31 31 31 31 31 31 31 31 31 31 31 31 31 31 31 31 31 31 31 31 31 31 31 31 31 31 31 31 31 31 31 31 31 31 31 31 31 
30 30 30 30 30 30 30 31 31 31 31 31 31 31 31 31 31 31 31 31 31 31 31 31 31 31 31 31 31 31 31 31 31 31 31 31 31 31 31 31 31 31 31 31 31 31 31 31 
30 30 30 30 30 30 30 31 31 31 31 31 31 31 31 31 31 31 31 31 31 31 31 31 31 31 31 31 31 31 31 31 31 31 31 31 31 31 31 31 31 31 31 31 31 31 31 31 
30 30 30 30 30 30 30 31 31 31 31 31 31 31 31 31 31 31 31 31 31 31 31 31 31 31 31 31 31 31 31 31 31 31 31 31 31 31 31 31 31 31 31 31 31 31 31 31 
30 30 30 30 30 30 30 31 31 31 31 31 31 31 31 31 31 31 31 31 31 31 31 31 31 31 31 31 31 31 31 31 31 31 31 31 31 31 31 31 31 31 31 31 31 31 31 31 
30 30 30 30 30 30 30 31 31 31 31 31 31 31 31 31 31 31 31 31 31 31 31 31 31 31 31 31 31 31 31 31 31 31 31 31 31 31 31 31 31 31 31 31 31 31 31 31 
30 30 30 30 30 30 30 31 31 31 31 31 31 31 31 31 31 31 31 31 31 31 31 31 31 31 31 31 31 31 31 31 31 31 31 31 31 31 31 31 31 31 31 31 31 31 31 31 
30 30 30 30 30 30 30 31 31 31 31 31 31 31 31 31 31 31 31 31 31 31 31 31 31 31 31 31 31 31 31 31 31 31 31 31 31 31 31 31 31 31 31 31 31 31 31 31 
30 30 30 30 30 30 30 31 31 31 31 31 31 31 31 31 31 31 31 31 31 31 31 31 31 31 31 31 31 31 31 31 31 31 31 31 31 31 31 31 31 31 31 31 31 31 31 31 
30 30 30 30 30 30 31 31 31 31 31 31 31 31 31 31 31 31 31 31 31 31 31 31 31 31 31 31 31 31 31 31 31 31 31 31 31 31 31 31 31 31 31 31 31 31 31 31 
30 30 30 30 30 30 31 31 31 31 31 31 31 31 31 31 31 31 31 31 31 31 31 31 31 31 31 31 31 31 31 31 31 31 31 31 31 31 31 31 31 31 31 31 31 31 31 31 
30 30 30 30 30 30 31 31 31 31 31 31 31 31 31 31 31 31 31 31 31 31 31 31 31 31 31 31 31 31 31 31 31 31 31 31 31 31 31 31 31 31 31 31 31 31 31 31 
30 30 30 30 30 30 31 31 31 31 31 31 31 31 31 31 31 31 31 31 31 31 31 31 31 31 31 31 31 31 31 31 31 31 31 31 31 31 31 31 31 31 31 31 31 31 31 31 
30 30 30 30 30 30 31 31 31 31 31 31 31 31 31 31 31 31 31 31 31 31 31 31 31 31 31 31 31 31 31 31 31 31 31 31 31 31 31 31 31 31 31 31 31 31 31 31 
30 30 30 30 30 30 31 31 31 31 31 31 31 31 31 31 31 31 31 31 31 31 31 31 31 31 31 31 31 31 31 31 31 31 31 31 31 31 31 31 31 31 31 31 31 31 31 31 
30 30 30 30 30 30 31 31 31 31 31 31 31 31 31 31 31 31 31 31 31 31 31 31 31 31 31 31 31 31 31 31 31 31 31 31 31 31 31 31 31 31 31 31 31 31 31 31 
30 30 30 30 30 30 31 31 31 31 31 31 31 31 31 31 31 31 31 31 31 31 31 31 31 31 31 31 31 31 31 31 31 31 31 31 31 31 31 31 31 31 31 31 31 31 31 31 
30 30 30 30 30 30 31 31 31 31 31 31 31 31 31 31 31 31 31 31 31 31 31 31 31 31 31 31 31 31 31 31 31 31 31 31 31 31 31 31 31 31 31 31 31 31 31 31 
30 30 30 30 30 30 31 31 31 31 31 31 31 31 31 31 31 31 31 31 31 31 31 31 31 31 31 31 31 31 31 31 31 31 31 31 31 31 31 31 31 31 31 31 31 31 31 31 
30 30 30 30 30 31 31 31 31 31 31 31 31 31 31 31 31 31 31 31 31 31 31 31 31 31 31 31 31 31 31 31 31 31 31 31 31 31 31 31 31 31 31 31 31 31 31 31 
30 30 30 30 30 31 31 31 31 31 31 31 31 31 31 31 31 31 31 31 31 31 31 31 31 31 31 31 31 31 31 31 31 31 31 31 31 31 31 31 31 31 31 31 31 31 31 31 
30 30 30 30 30 31 31 31 31 31 31 31 31 31 31 31 31 31 31 31 31 31 31 31 31 31 31 31 31 31 31 31 31 31 31 31 31 31 31 31 31 31 31 31 31 31 31 31 
30 30 30 30 30 31 31 31 31 31 31 31 31 31 31 31 31 31 31 31 31 31 31 31 31 31 31 31 31 31 31 31 31 31 31 31 31 31 31 31 31 31 31 31 31 31 31 31 
30 30 30 30 30 31 31 31 31 31 31 31 31 31 31 31 31 31 31 31 31 31 31 31 31 31 31 31 31 31 31 31 31 31 31 31 31 31 31 31 31 31 31 31 31 31 31 31 
30 30 30 30 30 31 31 31 31 31 31 31 31 31 31 31 31 31 31 31 31 31 31 31 31 31 31 31 31 31 31 31 31 31 31 31 31 31 31 31 31 31 31 31 31 31 31 31 
30 30 30 30 30 31 31 31 31 31 31 31 31 31 31 31 31 31 31 31 31 31 31 31 31 31 31 31 31 31 31 31 31 31 31 31 31 31 31 31 31 31 31 31 31 31 31 31 
30 30 30 30 30 31 31 31 31 31 31 31 31 31 31 31 31 31 31 31 31 31 31 31 31 31 31 31 31 31 31 31 31 31 31 31 31 31 31 31 31 31 31 31 31 31 31 31 
30 30 30 30 30 31 31 31 31 31 31 31 31 31 31 31 31 31 31 31 31 31 31 31 31 31 31 31 31 31 31 31 31 31 31 31 31 31 31 31 31 31 31 31 31 31 31 31 
30 30 30 30 30 31 31 31 31 31 31 31 31 31 31 31 31 31 31 31 31 31 31 31 31 31 31 31 31 31 31 31 31 31 31 31 31 31 31 31 31 31 31 31 31 31 31 31 
30 30 30 30 31 31 31 31 31 31 31 31 31 31 31 31 31 31 31 31 31 31 31 31 31 31 31 31 31 31 31 31 31 31 31 31 31 31 31 31 31 31 31 31 31 31 31 31 
30 30 30 30 31 31 31 31 31 31 31 31 31 31 31 31 31 31 31 31 31 31 31 31 31 31 31 31 31 31 31 31 31 31 31 31 31 31 31 31 31 31 31 31 31 31 31 31 
30 30 30 30 31 31 31 31 31 31 31 31 31 31 31 31 31 31 31 31 31 31 31 31 31 31 31 31 31 31 31 31 31 31 31 31 31 31 31 31 31 31 31 31 31 31 31 31 
30 30 30 30 31 31 31 31 31 31 31 31 31 31 31 31 31 31 31 31 31 31 31 31 31 31 31 31 31 31 31 31 31 31 31 31 31 31 31 31 31 31 31 31 31 31 31 31 
30 30 30 30 31 31 31 31 31 31 31 31 31 31 31 31 31 31 31 31 31 31 31 31 31 31 31 31 31 31 31 31 31 31 31 31 31 31 31 31 31 31 31 31 31 31 31 31 
30 30 30 30 31 31 31 31 31 31 31 31 31 31 31 31 31 31 31 31 31 31 31 31 31 31 31 31 31 31 31 31 31 31 31 31 31 31 31 31 31 31 31 31 31 31 31 31 
30 30 30 30 31 31 31 31 31 31 31 31 31 31 31 31 31 31 31 31 31 31 31 31 31 31 31 31 31 31 31 31 31 31 31 31 31 31 31 31 31 31 31 31 31 31 31 31 
30 30 30 30 31 31 31 31 31 31 31 31 31 31 31 31 31 31 31 31 31 31 31 31 31 31 31 31 31 31 31 31 31 31 31 31 31 31 31 31 31 31 31 31 31 31 31 31 
30 30 30 30 31 31 31 31 31 31 31 31 31 31 31 31 31 31 31 31 31 31 31 31 31 31 31 31 31 31 31 31 31 31 31 31 31 31 31 31 31 31 31 31 31 31 31 31 
30 30 30 31 31 31 31 31 31 31 31 31 31 31 31 31 31 31 31 31 31 31 31 31 31 31 31 31 31 31 31 31 31 31 31 31 31 31 31 31 31 31 31 31 31 31 31 31 
30 30 30 31 31 31 31 31 31 31 31 31 31 31 31 31 31 31 31 31 31 31 31 31 31 31 31 31 31 31 31 31 31 31 31 31 31 31 31 31 31 31 31 31 31 31 31 31 
30 30 30 31 31 31 31 31 31 31 31 31 31 31 31 31 31 31 31 31 31 31 31 31 31 31 31 31 31 31 31 31 31 31 31 31 31 31 31 31 31 31 31 31 31 31 31 31 
30 30 30 31 31 31 31 31 31 31 31 31 31 31 31 31 31 31 31 31 31 31 31 31 31 31 31 31 31 31 31 31 31 31 31 31 31 31 31 31 31 31 31 31 31 31 31 31 
30 30 30 31 31 31 31 31 31 31 31 31 31 31 31 31 31 31 31 31 31 31 31 31 31 31 31 31 31 31 31 31 31 31 31 31 31 31 31 31 31 31 31 31 31 31 31 31 
30 30 30 31 31 31 31 31 31 31 31 31 31 31 31 31 31 31 31 31 31 31 31 31 31 31 31 31 31 31 31 31 31 31 31 31 31 31 31 31 31 31 31 31 31 31 31 31 
30 30 30 31 31 31 31 31 31 31 31 31 31 31 31 31 31 31 31 31 31 31 31 31 31 31 31 31 31 31 31 31 31 31 31 31 31 31 31 31 31 31 31 31 31 31 31 31 
30 30 30 31 31 31 31 31 31 31 31 31 31 31 31 31 31 31 31 31 31 31 31 31 31 31 31 31 31 31 31 31 31 31 31 31 31 31 31 31 31 31 31 31 31 31 31 31 
30 30 30 31 31 31 31 31 31 31 31 31 31 31 31 31 31 31 31 31 31 31 31 31 31 31 31 31 31 31 31 31 31 31 31 31 31 31 31 31 31 31 31 31 31 31 31 31 
30 30 30 31 31 31 31 31 31 31 31 31 31 31 31 31 31 31 31 31 31 31 31 31 31 31 31 31 31 31 31 31 31 31 31 31 31 31 31 31 31 31 31 31 31 31 31 31 
30 30 31 31 31 31 31 31 31 31 31 31 31 31 31 31 31 31 31 31 31 31 31 31 31 31 31 31 31 31 31 31 31 31 31 31 31 31 31 31 31 31 31 31 31 31 31 31 
