0 0 0 2 2 2 2 2 4 4 5 5 5 5 5 5 7 7 7 7 7 8 8 8 8 8 8 8 8 13 13 13 13 13 13 13 13 13 13 13 13 13 13 19 19 19 19 19 19 19 19 19 19 19 19 19 19 19 19 19 19 19 19 19 19 19 19 23 23 23 23 23 23 23 23 23 23 23 23 23 
0 0 2 2 2 2 2 2 4 4 5 5 5 5 5 7 7 7 7 7 8 8 8 8 8 8 8 8 8 13 13 13 13 13 13 13 13 13 13 13 13 13 13 19 19 19 19 19 19 19 19 19 19 19 19 19 19 19 19 19 19 19 19 19 19 19 23 23 23 23 23 23 23 23 23 23 23 23 23 23 
0 0 2 2 2 2 2 4 4 5 5 5 5 5 5 7 7 7 7 7 8 8 8 8 8 8 8 8 8 13 13 13 13 13 13 13 13 13 13 13 13 13 13 19 19 19 19 19 19 19 19 19 19 19 19 19 19 19 19 19 19 19 19 19 19 23 23 23 23 23 23 23 23 23 23 23 23 23 23 23 
1 2 2 2 2 2 4 4 4 5 5 5 5 5 7 7 7 7 7 8 8 8 8 8 8 8 8 8 13 13 13 13 13 13 13 13 13 13 13 13 13 13 19 19 19 19 19 19 19 19 19 19 19 19 19 19 19 19 19 19 19 19 19 19 19 23 23 23 23 23 23 23 23 23 23 23 23 23 23 28 
1 2 2 2 2 2 4 4 5 5 5 5 5 5 7 7 7 7 7 8 8 8 8 8 8 8 8 8 13 13 13 13 13 13 13 13 13 13 13 13 13 13 19 19 19 19 19 19 19 19 19 19 19 19 19 19 19 19 19 19 19 19 19 19 23 23 23 23 23 23 23 23 23 23 23 23 23 23 23 28 
1 2 2 2 2 4 4 4 5 5 5 5 5 7 7 7 7 7 8 8 8 8 8 8 8 8 8 13 13 13 13 13 13 13 13 13 13 13 13 13 13 19 19 19 19 19 19 19 19 19 19 19 19 19 19 19 19 19 19 19 19 19 19 19 23 23 23 23 23 23 23 23 23 23 23 23 23 23 28 28 
1 2 2 2 3 4 4 5 5 5 5 5 5 7 7 7 7 7 8 8 8 8 8 8 8 8 8 13 13 13 13 13 13 13 13 13 13 13 13 13 13 19 19 19 19 19 19 19 19 19 19 19 19 19 19 19 19 19 19 19 19 19 19 23 23 23 23 23 23 23 23 23 23 23 23 23 23 23 28 28 
2 2 3 3 4 4 4 5 5 5 5 5 7 7 7 7 7 8 8 8 8 8 8 8 8 8 13 13 13 13 13 13 13 13 13 13 13 13 13 13 19 19 19 19 19 19 19 19 19 19 19 19 19 19 19 19 19 19 19 19 19 19 23 23 23 23 23 23 23 23 23 23 23 23 23 23 23 28 28 28 
2 3 3 3 4 4 5 5 5 5 5 5 7 7 7 7 7 8 8 8 8 8 8 8 8 8 13 13 13 13 13 13 13 13 13 13 13 13 13 13 19 19 19 19 19 19 19 19 19 19 19 19 19 19 19 19 19 19 19 19 19 19 23 23 23 23 23 23 23 23 23 23 23 23 23 23 23 28 28 28 
3 3 3 4 4 4 5 5 5 5 5 7 7 7 7 7 7 8 8 8 8 8 8 8 8 13 13 13 13 13 13 13 13 13 13 13 13 13 13 19 19 19 19 19 19 19 19 19 19 19 19 19 19 19 19 19 19 19 19 19 19 23 23 23 23 23 23 23 23 23 23 23 23 23 23 23 28 28 28 28 
3 3 3 4 4 4 5 5 5 5 5 7 7 7 7 7 8 8 8 8 8 8 8 8 8 13 13 13 13 13 13 13 13 13 13 13 13 13 13 19 19 19 19 19 19 19 19 19 19 19 19 19 19 19 19 19 19 19 19 19 19 23 23 23 23 23 23 23 23 23 23 23 23 23 23 23 28 28 28 28 
3 3 4 4 4 5 5 5 5 5 7 7 7 7 7 7 8 8 8 8 8 8 8 8 13 13 13 13 13 13 13 13 13 13 13 13 13 13 19 19 19 19 19 19 19 19 19 19 19 19 19 19 19 19 19 19 19 19 19 19 23 23 23 23 23 23 23 23 23 23 23 23 23 23 23 28 28 28 28 28 
3 3 4 4 4 5 5 5 5 5 7 7 7 7 7 8 8 8 8 8 8 8 8 8 13 13 13 13 13 13 13 13 13 13 13 13 13 13 19 19 19 19 19 19 19 19 19 19 19 19 19 19 19 19 19 19 19 19 19 23 23 23 23 23 23 23 23 23 23 23 23 23 23 23 28 28 28 28 28 28 
3 4 4 4 5 5 5 5 5 7 7 7 7 7 7 8 8 8 8 8 8 8 8 8 13 13 13 13 13 13 13 13 13 13 13 13 13 19 19 19 19 19 19 19 19 19 19 19 19 19 19 19 19 19 19 19 19 19 19 23 23 23 23 23 23 23 23 23 23 23 23 23 23 23 28 28 28 28 28 28 
3 4 4 4 5 5 5 5 5 7 7 7 7 7 8 8 8 8 8 8 8 8 8 13 13 13 13 13 13 13 13 13 13 13 13 13 13 19 19 19 19 19 19 19 19 19 19 19 19 19 19 19 19 19 19 19 19 19 23 23 23 23 23 23 23 23 23 23 23 23 23 23 23 28 28 28 28 28 28 28 
4 4 4 5 5 5 5 5 6 7 7 7 7 7 8 8 8 8 8 8 8 8 8 13 13 13 13 13 13 13 13 13 13 13 13 13 19 19 19 19 19 19 19 19 19 19 19 19 19 19 19 19 19 19 19 19 19 19 23 23 23 23 23 23 23 23 23 23 23 23 23 23 23 28 28 28 28 28 28 28 
4 4 4 5 5 5 5 6 7 7 7 7 7 8 8 8 8 8 8 8 8 8 13 13 13 13 13 13 13 13 13 13 13 13 13 13 19 19 19 19 19 19 19 19 19 19 19 19 19 19 19 19 19 19 19 19 19 23 23 23 23 23 23 23 23 23 23 23 23 23 23 23 28 28 28 28 28 28 28 28 
4 4 5 5 5 5 6 6 7 7 7 7 7 8 8 8 8 8 8 8 8 8 13 13 13 13 13 13 13 13 13 13 13 13 13 13 19 19 19 19 19 19 19 19 19 19 19 19 19 19 19 19 19 19 19 19 19 23 23 23 23 23 23 23 23 23 23 23 23 23 23 23 28 28 28 28 28 28 28 28 
4 4 5 5 5 5 6 6 7 7 7 7 8 8 8 8 8 8 8 8 8 13 13 13 13 13 13 13 13 13 13 13 13 13 13 19 19 19 19 19 19 19 19 19 19 19 19 19 19 19 19 19 19 19 19 19 23 23 23 23 23 23 23 23 23 23 23 23 23 23 23 28 28 28 28 28 28 28 28 28 
4 5 5 5 5 6 6 7 7 7 7 7 8 8 8 8 8 8 8 8 10 13 13 13 13 13 13 13 13 13 13 13 13 13 13 19 19 19 19 19 19 19 19 19 19 19 19 19 19 19 19 19 19 19 19 23 23 23 23 23 23 23 23 23 23 23 23 23 23 23 23 28 28 28 28 28 28 28 28 28 
4 5 5 5 6 6 6 7 7 7 7 7 8 8 8 8 8 8 8 8 10 13 13 13 13 13 13 13 13 13 13 13 13 13 19 19 19 19 19 19 19 19 19 19 19 19 19 19 19 19 19 19 19 19 19 23 23 23 23 23 23 23 23 23 23 23 23 23 23 23 28 28 28 28 28 28 28 28 28 28 
5 5 5 6 6 6 7 7 7 7 7 8 8 8 8 8 8 8 8 10 13 13 13 13 13 13 13 13 13 13 13 13 13 13 19 19 19 19 19 19 19 19 19 19 19 19 19 19 19 19 19 19 19 19 23 23 23 23 23 23 23 23 23 23 23 23 23 23 23 23 28 28 28 28 28 28 28 28 28 28 
5 5 6 6 6 6 7 7 7 7 7 8 8 8 8 8 8 8 10 10 13 13 13 13 13 13 13 13 13 13 13 13 13 19 19 19 19 19 19 19 19 19 19 19 19 19 19 19 19 19 19 19 19 19 23 23 23 23 23 23 23 23 23 23 23 23 23 23 23 28 28 28 28 28 28 28 28 28 28 28 
5 5 6 6 6 6 7 7 7 7 8 8 8 8 8 8 8 8 10 13 13 13 13 13 13 13 13 13 13 13 13 13 15 19 19 19 19 19 19 19 19 19 19 19 19 19 19 19 19 19 19 19 19 23 23 23 23 23 23 23 23 23 23 23 23 23 23 23 23 28 28 28 28 28 28 28 28 28 28 28 
5 6 6 6 6 7 7 7 7 7 8 8 8 8 8 8 8 10 10 13 13 13 13 13 13 13 13 13 13 13 13 13 19 19 19 19 19 19 19 19 19 19 19 19 19 19 19 19 19 19 19 19 23 23 23 23 23 23 23 23 23 23 23 23 23 23 23 23 28 28 28 28 28 28 28 28 28 28 28 28 
6 6 6 6 6 7 7 7 7 8 8 8 8 8 8 8 10 10 10 13 13 13 13 13 13 13 13 13 13 13 13 15 19 19 19 19 19 19 19 19 19 19 19 19 19 19 19 19 19 19 19 19 23 23 23 23 23 23 23 23 23 23 23 23 23 23 23 28 28 28 28 28 28 28 28 28 28 28 28 28 
6 6 6 6 6 7 7 7 7 8 8 8 8 8 8 8 10 10 13 13 13 13 13 13 13 13 13 13 13 13 13 15 19 19 19 19 19 19 19 19 19 19 19 19 19 19 19 19 19 19 19 23 23 23 23 23 23 23 23 23 23 23 23 23 23 23 23 28 28 28 28 28 28 28 28 28 28 28 28 28 
6 6 6 6 7 7 7 7 8 8 8 8 8 8 8 10 10 10 13 13 13 13 13 13 13 13 13 13 13 13 15 19 19 19 19 19 19 19 19 19 19 19 19 19 19 19 19 19 19 19 19 23 23 23 23 23 23 23 23 23 23 23 23 23 23 23 28 28 28 28 28 28 28 28 28 28 28 28 28 28 
6 6 6 6 7 7 7 7 8 8 8 8 8 8 10 10 10 10 13 13 13 13 13 13 13 13 13 13 13 15 15 19 19 19 19 19 19 19 19 19 19 19 19 19 19 19 19 19 19 19 23 23 23 23 23 23 23 23 23 23 23 23 23 23 23 23 28 28 28 28 28 28 28 28 28 28 28 28 28 31 
6 6 6 6 7 7 7 7 8 8 8 8 8 8 10 10 10 13 13 13 13 13 13 13 13 13 13 13 13 15 19 19 19 19 19 19 19 19 19 19 19 19 19 19 19 19 19 19 19 23 23 23 23 23 23 23 23 23 23 23 23 23 23 23 23 28 28 28 28 28 28 28 28 28 28 28 28 28 28 31 
6 6 6 7 7 7 7 8 8 8 8 8 8 10 10 10 10 13 13 13 13 13 13 13 13 13 13 13 15 15 19 19 19 19 19 19 19 19 19 19 19 19 19 19 19 19 19 19 19 23 23 23 23 23 23 23 23 23 23 23 23 23 23 23 23 28 28 28 28 28 28 28 28 28 28 28 28 28 31 31 
6 6 9 9 7 7 7 8 8 8 8 8 10 10 10 10 13 13 13 13 13 13 13 13 13 13 13 13 15 19 19 19 19 19 19 19 19 19 19 19 19 19 19 19 19 19 19 19 23 23 23 23 23 23 23 23 23 23 23 23 23 23 23 23 28 28 28 28 28 28 28 28 28 28 28 28 28 28 31 31 
9 9 9 9 9 7 8 8 8 8 8 8 10 10 10 10 13 13 13 13 13 13 13 13 13 13 13 15 15 19 19 19 19 19 19 19 19 19 19 19 19 19 19 19 19 19 19 19 23 23 23 23 23 23 23 23 23 23 23 23 23 23 23 23 28 28 28 28 28 28 28 28 28 28 28 28 28 31 31 31 
9 9 9 9 9 9 8 8 8 8 8 10 10 10 10 10 13 13 13 13 13 13 13 13 13 13 13 15 15 19 19 19 19 19 19 19 19 19 19 19 19 19 19 19 19 19 19 23 23 23 23 23 23 23 23 23 23 23 23 23 23 23 23 28 28 28 28 28 28 28 28 28 28 28 28 28 28 31 31 31 
9 9 9 9 9 9 8 8 8 8 8 10 10 10 10 13 13 13 13 13 13 13 13 13 13 13 15 15 19 19 19 19 19 19 19 19 19 19 19 19 19 19 19 19 19 19 23 23 23 23 23 23 23 23 23 23 23 23 23 23 23 23 23 28 28 28 28 28 28 28 28 28 28 28 28 28 31 31 31 31 
9 9 9 9 9 9 8 8 8 8 10 10 10 10 10 13 13 13 13 13 13 13 13 13 13 15 15 15 19 19 19 19 19 19 19 19 19 19 19 19 19 19 19 19 19 19 23 23 23 23 23 23 23 23 23 23 23 23 23 23 23 23 28 28 28 28 28 28 28 28 28 28 28 28 28 28 31 31 31 31 
9 9 9 9 9 9 8 8 8 10 10 10 10 10 11 13 13 13 13 13 13 13 13 13 13 15 15 19 19 19 19 19 19 19 19 19 19 19 19 19 19 19 19 19 19 23 23 23 23 23 23 23 23 23 23 23 23 23 23 23 23 23 28 28 28 28 28 28 28 28 28 28 28 28 28 31 31 31 31 31 
9 9 9 9 9 9 8 8 8 10 10 10 10 11 13 13 13 13 13 13 13 13 13 13 15 15 15 19 19 19 19 19 19 19 19 19 19 19 19 19 19 19 19 19 19 23 23 23 23 23 23 23 23 23 23 23 23 23 23 23 23 28 28 28 28 28 28 28 28 28 28 28 28 28 28 31 31 31 31 31 
9 9 9 9 9 9 8 8 10 10 10 10 10 11 13 13 13 13 13 13 13 13 13 13 15 15 19 19 19 19 19 19 19 19 19 19 19 19 19 19 19 19 19 19 23 23 23 23 23 23 23 23 23 23 23 23 23 23 23 23 28 28 28 28 28 28 28 28 28 28 28 28 28 28 31 31 31 31 31 31 
9 9 9 9 9 9 8 10 10 10 10 10 11 11 13 13 13 13 13 13 13 13 13 15 15 15 19 19 19 19 19 19 19 19 19 19 19 19 19 19 19 19 19 23 23 23 23 23 23 23 23 23 23 23 23 23 23 23 23 23 28 28 28 28 28 28 28 28 28 28 28 28 28 28 31 31 31 31 31 31 
9 9 9 9 9 9 8 10 10 10 10 10 11 11 13 13 13 13 13 13 13 13 15 15 15 15 19 19 19 19 19 19 19 19 19 19 19 19 19 19 19 19 19 23 23 23 23 23 23 23 23 23 23 23 23 23 23 23 23 28 28 28 28 28 28 28 28 28 28 28 28 28 28 31 31 31 31 31 31 31 
9 9 9 9 9 9 10 10 10 10 10 11 11 13 13 13 13 13 13 13 13 13 15 15 15 19 19 19 19 19 19 19 19 19 19 19 19 19 19 19 19 19 23 23 23 23 23 23 23 23 23 23 23 23 23 23 23 23 23 28 28 28 28 28 28 28 28 28 28 28 28 28 28 31 31 31 31 31 31 31 
9 9 9 9 9 9 10 10 10 10 10 11 11 13 13 13 13 13 13 13 13 15 15 15 15 19 19 19 19 19 19 19 19 19 19 19 19 19 19 19 19 19 23 23 23 23 23 23 23 23 23 23 23 23 23 23 23 23 28 28 28 28 28 28 28 28 28 28 28 28 28 28 31 31 31 31 31 31 31 31 
9 9 9 9 9 12 10 10 10 10 11 11 11 13 13 13 13 13 13 13 13 15 15 15 19 19 19 19 19 19 19 19 19 19 19 19 19 19 19 19 19 23 23 23 23 23 23 23 23 23 23 23 23 23 23 23 23 23 28 28 28 28 28 28 28 28 28 28 28 28 28 28 31 31 31 31 31 31 31 31 
9 9 9 9 12 12 10 10 10 10 11 11 13 13 13 13 13 13 13 13 15 15 15 15 19 19 19 19 19 19 19 19 19 19 19 19 19 19 19 19 19 23 23 23 23 23 23 23 23 23 23 23 23 23 23 23 23 28 28 28 28 28 28 28 28 28 28 28 28 28 28 31 31 31 31 31 31 31 31 31 
9 9 9 12 12 12 12 10 10 11 11 11 13 13 13 13 13 13 13 15 15 15 15 15 19 19 19 19 19 19 19 19 19 19 19 19 19 19 19 19 23 23 23 23 23 23 23 23 23 23 23 23 23 23 23 23 23 28 28 28 28 28 28 28 28 28 28 28 28 28 28 31 31 31 31 31 31 31 31 31 
9 9 9 12 12 12 12 10 10 11 11 11 13 13 13 13 13 13 13 15 15 15 15 19 19 19 19 19 19 19 19 19 19 19 19 19 19 19 19 23 23 23 23 23 23 23 23 23 23 23 23 23 23 23 23 23 28 28 28 28 28 28 28 28 28 28 28 28 28 28 31 31 31 31 31 31 31 31 31 31 
9 9 12 12 12 12 12 12 11 11 11 11 13 13 13 13 13 13 15 15 15 15 15 19 19 19 19 19 19 19 19 19 19 19 19 19 19 19 19 23 23 23 23 23 23 23 23 23 23 23 23 23 23 23 23 23 28 28 28 28 28 28 28 28 28 28 28 28 28 28 31 31 31 31 31 31 31 31 31 31 
9 12 12 12 12 12 12 12 11 11 11 13 13 13 13 13 13 13 15 15 15 15 19 19 19 19 19 19 19 19 19 19 19 19 19 19 19 19 23 23 23 23 23 23 23 23 23 23 23 23 23 23 23 23 23 28 28 28 28 28 28 28 28 28 28 28 28 28 28 31 31 31 31 31 31 31 31 31 31 31 
12 12 12 12 12 12 12 12 11 11 11 13 13 13 13 13 13 15 15 15 15 15 19 19 19 19 19 19 19 19 19 19 19 19 19 19 19 19 23 23 23 23 23 23 23 23 23 23 23 23 23 23 23 23 28 28 28 28 28 28 28 28 28 28 28 28 28 28 28 31 31 31 31 31 31 31 31 31 31 31 
12 12 12 12 12 12 12 12 11 11 11 13 13 13 13 13 15 15 15 15 15 19 19 19 19 19 19 19 19 19 19 19 19 19 19 19 19 23 23 23 23 23 23 23 23 23 23 23 23 23 23 23 23 23 28 28 28 28 28 28 28 28 28 28 28 28 28 28 31 31 31 31 31 31 31 31 31 31 31 31 
12 12 12 12 12 12 12 12 11 11 11 13 13 13 13 13 15 15 15 15 15 19 19 19 19 19 19 19 19 19 19 19 19 19 19 19 23 23 23 23 23 23 23 23 23 23 23 23 23 23 23 23 23 28 28 28 28 28 28 28 28 28 28 28 28 28 28 28 31 31 31 31 31 31 31 31 31 31 31 31 
12 12 12 12 12 12 12 12 11 11 13 13 13 13 13 15 15 15 15 15 16 19 19 19 19 19 19 19 19 19 19 19 19 19 19 19 23 23 23 23 23 23 23 23 23 23 23 23 23 23 23 23 23 28 28 28 28 28 28 28 28 28 28 28 28 28 28 31 31 31 31 31 31 31 31 31 31 31 31 31 
12 12 12 12 12 12 12 12 11 11 13 13 13 13 13 15 15 15 15 15 19 19 19 19 19 19 19 19 19 19 19 19 19 19 19 23 23 23 23 23 23 23 23 23 23 23 23 23 23 23 23 23 28 28 28 28 28 28 28 28 28 28 28 28 28 28 28 31 31 31 31 31 31 31 31 31 31 31 31 31 
12 12 12 12 12 12 12 12 11 11 13 13 13 13 15 15 15 15 15 16 19 19 19 19 19 19 19 19 19 19 19 19 19 19 19 23 23 23 23 23 23 23 23 23 23 23 23 23 23 23 23 23 28 28 28 28 28 28 28 28 28 28 28 28 28 28 31 31 31 31 31 31 31 31 31 31 31 31 31 31 
12 12 12 12 12 12 12 12 14 14 13 13 13 15 15 15 15 15 15 16 19 19 19 19 19 19 19 19 19 19 19 19 19 19 23 23 23 23 23 23 23 23 23 23 23 23 23 23 23 23 23 28 28 28 28 28 28 28 28 28 28 28 28 28 28 28 31 31 31 31 31 31 31 31 31 31 31 31 31 31 
12 12 12 12 12 12 12 14 14 14 13 13 13 15 15 15 15 15 16 16 19 19 19 19 19 19 19 19 19 19 19 19 19 23 23 23 23 23 23 23 23 23 23 23 23 23 23 23 23 23 23 28 28 28 28 28 28 28 28 28 28 28 28 28 28 31 31 31 31 31 31 31 31 31 31 31 31 31 31 31 
12 12 12 12 12 12 12 14 14 14 13 13 15 15 15 15 15 16 16 19 19 19 19 19 19 19 19 19 19 19 19 19 19 23 23 23 23 23 23 23 23 23 23 23 23 23 23 23 23 23 28 28 28 28 28 28 28 28 28 28 28 28 28 28 28 31 31 31 31 31 31 31 31 31 31 31 31 31 31 31 
12 12 12 12 12 12 12 14 14 14 14 13 15 15 15 15 15 16 16 19 19 19 19 19 19 19 19 19 19 19 19 19 23 23 23 23 23 23 23 23 23 23 23 23 23 23 23 23 23 23 28 28 28 28 28 28 28 28 28 28 28 28 28 28 31 31 31 31 31 31 31 31 31 31 31 31 31 31 31 31 
12 12 12 12 12 12 14 14 14 14 14 15 15 15 15 15 16 16 16 19 19 19 19 19 19 19 19 19 19 19 19 19 23 23 23 23 23 23 23 23 23 23 23 23 23 23 23 23 23 28 28 28 28 28 28 28 28 28 28 28 28 28 28 28 31 31 31 31 31 31 31 31 31 31 31 31 31 31 31 31 
12 12 12 17 17 17 17 14 14 14 14 15 15 15 15 15 16 16 19 19 19 19 19 19 19 19 19 19 19 19 19 23 23 23 23 23 23 23 23 23 23 23 23 23 23 23 23 23 27 28 28 28 28 28 28 28 28 28 28 28 28 28 28 31 31 31 31 31 31 31 31 31 31 31 31 31 31 31 31 31 
17 17 17 17 17 17 17 14 14 14 14 15 15 15 15 16 16 16 19 19 19 19 19 19 19 19 19 19 19 19 21 23 23 23 23 23 23 23 23 23 23 23 23 23 23 23 23 23 28 28 28 28 28 28 28 28 28 28 28 28 28 28 28 31 31 31 31 31 31 31 31 31 31 31 31 31 31 31 31 31 
17 17 17 17 17 17 17 14 14 14 14 15 15 15 15 16 16 16 19 19 19 19 19 19 19 19 19 19 19 19 23 23 23 23 23 23 23 23 23 23 23 23 23 23 23 23 23 27 28 28 28 28 28 28 28 28 28 28 28 28 28 28 31 31 31 31 31 31 31 31 31 31 31 31 31 31 31 31 31 31 
17 17 17 17 17 17 17 17 14 14 14 15 15 15 16 16 16 19 19 19 19 19 19 19 19 19 19 19 19 21 23 23 23 23 23 23 23 23 23 23 23 23 23 23 23 23 23 28 28 28 28 28 28 28 28 28 28 28 28 28 28 28 31 31 31 31 31 31 31 31 31 31 31 31 31 31 31 31 31 31 
17 17 17 17 17 17 17 17 14 14 14 15 15 16 16 16 16 19 19 19 19 19 19 19 19 19 19 19 21 23 23 23 23 23 23 23 23 23 23 23 23 23 23 23 23 23 27 28 28 28 28 28 28 28 28 28 28 28 28 28 28 31 31 31 31 31 31 31 31 31 31 31 31 31 31 31 31 31 31 31 
17 17 17 17 17 17 17 17 14 14 18 15 15 16 16 16 16 19 19 19 19 19 19 19 19 19 19 21 21 23 23 23 23 23 23 23 23 23 23 23 23 23 23 23 23 27 28 28 28 28 28 28 28 28 28 28 28 28 28 28 28 31 31 31 31 31 31 31 31 31 31 31 31 31 31 31 31 31 31 31 
17 17 17 17 17 17 17 17 17 14 18 18 16 16 16 16 19 19 19 19 19 19 19 19 19 19 21 21 23 23 23 23 23 23 23 23 23 23 23 23 23 23 23 23 23 27 28 28 28 28 28 28 28 28 28 28 28 28 28 28 31 31 31 31 31 31 31 31 31 31 31 31 31 31 31 31 31 31 31 31 
17 17 17 17 17 17 17 17 17 18 18 18 16 16 16 16 19 19 19 19 19 19 19 19 19 19 21 21 23 23 23 23 23 23 23 23 23 23 23 23 23 23 23 23 27 27 28 28 28 28 28 28 28 28 28 28 28 28 28 28 31 31 31 31 31 31 31 31 31 31 31 31 31 31 31 31 31 31 31 31 
17 17 17 17 17 17 17 17 17 18 18 18 16 16 16 16 19 19 19 19 19 19 19 19 19 21 21 23 23 23 23 23 23 23 23 23 23 23 23 23 23 23 23 27 27 28 28 28 28 28 28 28 28 28 28 28 28 28 28 31 31 31 31 31 31 31 31 31 31 31 31 31 31 31 31 31 31 31 31 31 
17 17 17 17 17 17 17 17 17 18 18 18 16 16 16 19 19 19 19 19 19 19 19 19 21 21 21 23 23 23 23 23 23 23 23 23 23 23 23 23 23 23 23 27 27 28 28 28 28 28 28 28 28 28 28 28 28 28 28 31 31 31 31 31 31 31 31 31 31 31 31 31 31 31 31 31 31 31 31 31 
17 17 17 17 17 17 17 17 17 18 18 18 16 16 16 19 19 19 19 19 19 19 19 21 21 21 23 23 23 23 23 23 23 23 23 23 23 23 23 23 23 23 27 27 28 28 28 28 28 28 28 28 28 28 28 28 28 28 31 31 31 31 31 31 31 31 31 31 31 31 31 31 31 31 31 31 31 31 31 31 
17 17 17 17 17 17 17 17 17 18 18 18 18 16 16 19 19 19 19 19 19 19 21 21 21 21 23 23 23 23 23 23 23 23 23 23 23 23 23 23 23 27 27 27 28 28 28 28 28 28 28 28 28 28 28 28 28 28 31 31 31 31 31 31 31 31 31 31 31 31 31 31 31 31 31 31 31 31 31 31 
17 17 17 17 17 17 17 17 17 18 18 18 18 16 19 19 19 19 19 19 19 19 21 21 21 23 23 23 23 23 23 23 23 23 23 23 23 23 23 23 23 27 27 27 28 28 28 28 28 28 28 28 28 28 28 28 28 31 31 31 31 31 31 31 31 31 31 31 31 31 31 31 31 31 31 31 31 31 31 31 
17 17 17 17 17 17 17 17 17 18 18 18 18 16 19 19 19 19 19 19 19 21 21 21 21 23 23 23 23 23 23 23 23 23 23 23 23 23 23 23 27 27 27 28 28 28 28 28 28 28 28 28 28 28 28 28 28 31 31 31 31 31 31 31 31 31 31 31 31 31 31 31 31 31 31 31 31 31 31 31 
17 17 17 17 17 17 17 17 17 18 18 18 18 20 19 19 19 19 19 19 21 21 21 21 23 23 23 23 23 23 23 23 23 23 23 23 23 23 23 27 27 27 27 28 28 28 28 28 28 28 28 28 28 28 28 28 31 31 31 31 31 31 31 31 31 31 31 31 31 31 31 31 31 31 31 31 31 31 31 31 
17 17 17 17 17 17 17 17 17 18 18 18 20 20 19 19 19 19 19 21 21 21 21 21 23 23 23 23 23 23 23 23 23 23 23 23 23 23 23 27 27 27 28 28 28 28 28 28 28 28 28 28 28 28 28 28 31 31 31 31 31 31 31 31 31 31 31 31 31 31 31 31 31 31 31 31 31 31 31 31 
17 17 17 17 17 17 17 17 17 18 18 18 20 20 19 19 19 19 21 21 21 21 21 23 23 23 23 23 23 23 23 23 23 23 23 23 23 23 27 27 27 27 28 28 28 28 28 28 28 28 28 28 28 28 28 31 31 31 31 31 31 31 31 31 31 31 31 31 31 31 31 31 31 31 31 31 31 31 31 31 
17 17 17 17 17 17 17 17 17 18 18 18 20 20 20 19 19 19 21 21 21 21 21 23 23 23 23 23 23 23 23 23 23 23 23 23 23 27 27 27 27 28 28 28 28 28 28 28 28 28 28 28 28 28 28 31 31 31 31 31 31 31 31 31 31 31 31 31 31 31 31 31 31 31 31 31 31 31 31 31 
17 17 17 17 17 17 17 17 17 18 18 20 20 20 20 19 19 21 21 21 21 21 21 23 23 23 23 23 23 23 23 23 23 23 23 23 23 27 27 27 27 28 28 28 28 28 28 28 28 28 28 28 28 28 31 31 31 31 31 31 31 31 31 31 31 31 31 31 31 31 31 31 31 31 31 31 31 31 31 31 
17 17 17 17 17 17 17 17 17 18 18 20 20 20 20 19 21 21 21 21 21 21 23 23 23 23 23 23 23 23 23 23 23 23 23 23 27 27 27 27 27 28 28 28 28 28 28 28 28 28 28 28 28 28 31 31 31 31 31 31 31 31 31 31 31 31 31 31 31 31 31 31 31 31 31 31 31 31 31 31 
17 17 17 17 17 17 17 17 22 22 18 20 20 20 20 21 21 21 21 21 21 21 23 23 23 23 23 23 23 23 23 23 23 23 23 25 27 27 27 27 28 28 28 28 28 28 28 28 28 28 28 28 28 31 31 31 31 31 31 31 31 31 31 31 31 31 31 31 31 31 31 31 31 31 31 31 31 31 31 31 
17 17 17 17 17 17 17 17 22 22 22 20 20 20 20 21 21 21 21 21 21 23 23 23 23 23 23 23 23 23 23 23 23 23 25 27 27 27 27 27 28 28 28 28 28 28 28 28 28 28 28 28 28 31 31 31 31 31 31 31 31 31 31 31 31 31 31 31 31 31 31 31 31 31 31 31 31 31 31 31 
17 17 17 17 17 17 17 22 22 22 22 20 20 20 20 21 21 21 21 21 21 23 23 23 23 23 23 23 23 23 23 23 23 25 25 27 27 27 27 28 28 28 28 28 28 28 28 28 28 28 28 28 31 31 31 31 31 31 31 31 31 31 31 31 31 31 31 31 31 31 31 31 31 31 31 31 31 31 31 31 
17 17 17 17 17 17 17 22 22 22 22 20 20 20 20 21 21 21 21 21 23 23 23 23 23 23 23 23 23 23 23 23 25 25 27 27 27 27 27 28 28 28 28 28 28 28 28 28 28 28 28 28 31 31 31 31 31 31 31 31 31 31 31 31 31 31 31 31 31 31 31 31 31 31 31 31 31 31 31 31 
17 17 17 17 17 17 22 22 22 22 22 22 20 20 20 21 21 21 21 21 23 23 23 23 23 23 23 23 23 23 23 23 25 25 27 27 27 27 27 28 28 28 28 28 28 28 28 28 28 28 28 31 31 31 31 31 31 31 31 31 31 31 31 31 31 31 31 31 31 31 31 31 31 31 31 31 31 31 31 31 
17 17 17 17 17 22 22 22 22 22 22 22 20 20 20 21 21 21 21 23 23 23 23 23 23 23 23 23 23 23 23 25 25 27 27 27 27 27 28 28 28 28 28 28 28 28 28 28 28 28 28 31 31 31 31 31 31 31 31 31 31 31 31 31 31 31 31 31 31 31 31 31 31 31 31 31 31 31 31 31 
17 17 17 17 17 22 22 22 22 22 22 22 20 20 21 21 21 21 21 23 23 23 23 23 23 23 23 23 23 23 25 25 25 27 27 27 27 27 28 28 28 28 28 28 28 28 28 28 28 28 31 31 31 31 31 31 31 31 31 31 31 31 31 31 31 31 31 31 31 31 31 31 31 31 31 31 31 31 31 31 
17 17 17 17 22 22 22 22 22 22 22 22 22 20 24 21 21 21 23 23 23 23 23 23 23 23 23 23 23 25 25 25 27 27 27 27 27 28 28 28 28 28 28 28 28 28 28 28 28 28 31 31 31 31 31 31 31 31 31 31 31 31 31 31 31 31 31 31 31 31 31 31 31 31 31 31 31 31 31 31 
17 17 17 17 22 22 22 22 22 22 22 22 22 24 24 24 21 21 23 23 23 23 23 23 23 23 23 23 25 25 25 25 27 27 27 27 27 28 28 28 28 28 28 28 28 28 28 28 28 31 31 31 31 31 31 31 31 31 31 31 31 31 31 31 31 31 31 31 31 31 31 31 31 31 31 31 31 31 31 31 
17 17 17 22 22 22 22 22 22 22 22 22 22 24 24 24 21 23 23 23 23 23 23 23 23 23 23 25 25 25 25 27 27 27 27 27 28 28 28 28 28 28 28 28 28 28 28 28 28 31 31 31 31 31 31 31 31 31 31 31 31 31 31 31 31 31 31 31 31 31 31 31 31 31 31 31 31 31 31 31 
17 17 22 22 22 22 22 22 22 22 22 22 22 24 24 24 24 23 23 23 23 23 23 23 23 23 25 25 25 25 25 27 27 27 27 27 28 28 28 28 28 28 28 28 28 28 28 28 31 31 31 31 31 31 31 31 31 31 31 31 31 31 31 31 31 31 31 31 31 31 31 31 31 31 31 31 31 31 31 31 
17 17 22 22 22 22 22 22 22 22 22 22 22 24 24 24 24 23 23 23 23 23 23 23 23 25 25 25 25 25 27 27 27 27 27 27 28 28 28 28 28 28 28 28 28 28 28 28 31 31 31 31 31 31 31 31 31 31 31 31 31 31 31 31 31 31 31 31 31 31 31 31 31 31 31 31 31 31 31 31 
17 22 22 22 22 22 22 22 22 22 22 22 22 24 24 24 24 23 23 23 23 23 23 23 23 25 25 25 25 25 27 27 27 27 27 28 28 28 28 28 28 28 28 28 28 28 28 31 31 31 31 31 31 31 31 31 31 31 31 31 31 31 31 31 31 31 31 31 31 31 31 31 31 31 31 31 31 31 31 31 
17 22 22 22 22 22 22 22 22 22 22 22 22 24 24 24 24 23 23 23 23 23 23 23 25 25 25 25 25 27 27 27 27 27 27 28 28 28 28 28 28 28 28 28 28 28 28 31 31 31 31 31 31 31 31 31 31 31 31 31 31 31 31 31 31 31 31 31 31 31 31 31 31 31 31 31 31 31 31 31 
22 22 22 22 22 22 22 22 22 22 22 22 22 24 24 24 24 23 23 23 23 23 23 25 25 25 25 25 27 27 27 27 27 27 28 28 28 28 28 28 28 28 28 28 28 28 31 31 31 31 31 31 31 31 31 31 31 31 31 31 31 31 31 31 31 31 31 31 31 31 31 31 31 31 31 31 31 31 31 31 
22 22 22 22 22 22 22 22 22 22 22 22 22 24 24 24 24 23 23 23 23 23 25 25 25 25 25 25 27 27 27 27 27 27 28 28 28 28 28 28 28 28 28 28 28 28 31 31 31 31 31 31 31 31 31 31 31 31 31 31 31 31 31 31 31 31 31 31 31 31 31 31 31 31 31 31 31 31 31 31 
22 22 22 22 22 22 22 22 22 22 22 22 24 24 24 24 24 23 23 23 23 25 25 25 25 25 25 27 27 27 27 27 27 28 28 28 28 28 28 28 28 28 28 28 28 31 31 31 31 31 31 31 31 31 31 31 31 31 31 31 31 31 31 31 31 31 31 31 31 31 31 31 31 31 31 31 31 31 31 31 
22 22 22 22 22 22 22 22 22 22 22 22 24 24 24 24 24 23 23 23 25 25 25 25 25 25 25 27 27 27 27 27 27 28 28 28 28 28 28 28 28 28 28 28 28 31 31 31 31 31 31 31 31 31 31 31 31 31 31 31 31 31 31 31 31 31 31 31 31 31 31 31 31 31 31 31 31 31 31 31 
22 22 22 22 22 22 22 22 22 22 22 22 24 24 24 24 24 23 23 25 25 25 25 25 25 25 27 27 27 27 27 27 27 28 28 28 28 28 28 28 28 28 28 28 31 31 31 31 31 31 31 31 31 31 31 31 31 31 31 31 31 31 31 31 31 31 31 31 31 31 31 31 31 31 31 31 31 31 31 31 
22 22 22 22 22 22 22 22 22 22 22 22 24 24 24 24 24 23 25 25 25 25 25 25 25 25 27 27 27 27 27 27 28 28 28 28 28 28 28 28 28 28 28 28 31 31 31 31 31 31 31 31 31 31 31 31 31 31 31 31 31 31 31 31 31 31 31 31 31 31 31 31 31 31 31 31 31 31 31 31 
22 22 22 22 22 22 22 22 22 22 22 22 24 24 24 24 24 25 25 25 25 25 25 25 25 27 27 27 27 27 27 27 28 28 28 28 28 28 28 28 28 28 28 31 31 31 31 31 31 31 31 31 31 31 31 31 31 31 31 31 31 31 31 31 31 31 31 31 31 31 31 31 31 31 31 31 31 31 31 31 
22 22 22 22 22 22 22 22 22 22 22 22 24 24 24 24 24 25 25 25 25 25 25 25 25 27 27 27 27 27 27 28 28 28 28 28 28 28 28 28 28 28 28 31 31 31 31 31 31 31 31 31 31 31 31 31 31 31 31 31 31 31 31 31 31 31 31 31 31 31 31 31 31 31 31 31 31 31 31 31 
22 22 22 22 22 22 22 22 22 22 22 22 24 24 24 24 26 25 25 25 25 25 25 25 27 27 27 27 27 27 27 28 28 28 28 28 28 28 28 28 28 28 31 31 31 31 31 31 31 31 31 31 31 31 31 31 31 31 31 31 31 31 31 31 31 31 31 31 31 31 31 31 31 31 31 31 31 31 31 31 
22 22 22 22 22 22 22 22 22 22 22 22 24 24 26 26 26 25 25 25 25 25 25 25 27 27 27 27 27 27 27 28 28 28 28 28 28 28 28 28 28 28 31 31 31 31 31 31 31 31 31 31 31 31 31 31 31 31 31 31 31 31 31 31 31 31 31 31 31 31 31 31 31 31 31 31 31 31 31 31 
22 22 22 22 22 22 22 22 22 22 22 22 26 26 26 26 26 25 25 25 25 25 25 27 27 27 27 27 27 27 28 28 28 28 28 28 28 28 28 28 28 31 31 31 31 31 31 31 31 31 31 31 31 31 31 31 31 31 31 31 31 31 31 31 31 31 31 31 31 31 31 31 31 31 31 31 31 31 31 31 
22 22 22 22 22 22 22 22 22 22 22 26 26 26 26 26 26 25 25 25 25 25 25 27 27 27 27 27 27 27 28 28 28 28 28 28 28 28 28 28 28 31 31 31 31 31 31 31 31 31 31 31 31 31 31 31 31 31 31 31 31 31 31 31 31 31 31 31 31 31 31 31 31 31 31 31 31 31 31 31 
22 22 22 22 22 22 22 22 22 22 22 26 26 26 26 26 26 26 25 25 25 25 27 27 27 27 27 27 27 28 28 28 28 28 28 28 28 28 28 28 31 31 31 31 31 31 31 31 31 31 31 31 31 31 31 31 31 31 31 31 31 31 31 31 31 31 31 31 31 31 31 31 31 31 31 31 31 31 31 31 
22 22 22 22 22 22 22 22 22 22 22 26 26 26 26 26 26 26 25 25 25 25 27 27 27 27 27 27 27 28 28 28 28 28 28 28 28 28 28 28 31 31 31 31 31 31 31 31 31 31 31 31 31 31 31 31 31 31 31 31 31 31 31 31 31 31 31 31 31 31 31 31 31 31 31 31 31 31 31 31 
22 22 22 22 22 22 22 22 22 22 26 26 26 26 26 26 26 26 25 25 25 27 27 27 27 27 27 27 28 28 28 28 28 28 28 28 28 28 28 31 31 31 31 31 31 31 31 31 31 31 31 31 31 31 31 31 31 31 31 31 31 31 31 31 31 31 31 31 31 31 31 31 31 31 31 31 31 31 31 31 
22 22 22 22 22 22 22 22 22 22 26 26 26 26 26 26 26 26 25 25 25 27 27 27 27 27 27 27 28 28 28 28 28 28 28 28 28 28 28 31 31 31 31 31 31 31 31 31 31 31 31 31 31 31 31 31 31 31 31 31 31 31 31 31 31 31 31 31 31 31 31 31 31 31 31 31 31 31 31 31 
22 22 22 22 22 22 22 22 22 22 26 26 26 26 26 26 26 26 25 25 27 27 27 27 27 27 27 27 28 28 28 28 28 28 28 28 28 28 31 31 31 31 31 31 31 31 31 31 31 31 31 31 31 31 31 31 31 31 31 31 31 31 31 31 31 31 31 31 31 31 31 31 31 31 31 31 31 31 31 31 
22 22 22 22 22 22 22 22 22 26 26 26 26 26 26 26 26 26 26 25 27 27 27 27 27 27 27 28 28 28 28 28 28 28 28 28 28 28 31 31 31 31 31 31 31 31 31 31 31 31 31 31 31 31 31 31 31 31 31 31 31 31 31 31 31 31 31 31 31 31 31 31 31 31 31 31 31 31 31 31 
22 22 22 22 22 22 22 22 22 26 26 26 26 26 26 26 26 26 26 27 27 27 27 27 27 27 27 28 28 28 28 28 28 28 28 28 28 31 31 31 31 31 31 31 31 31 31 31 31 31 31 31 31 31 31 31 31 31 31 31 31 31 31 31 31 31 31 31 31 31 31 31 31 31 31 31 31 31 31 31 
22 22 22 22 22 22 22 22 26 26 26 26 26 26 26 26 26 26 26 27 27 27 27 27 27 27 28 28 28 28 28 28 28 28 28 28 28 31 31 31 31 31 31 31 31 31 31 31 31 31 31 31 31 31 31 31 31 31 31 31 31 31 31 31 31 31 31 31 31 31 31 31 31 31 31 31 31 31 31 31 
22 22 22 22 22 22 22 22 26 26 26 26 26 26 26 26 26 26 26 27 27 27 27 27 27 27 28 28 28 28 28 28 28 28 28 28 31 31 31 31 31 31 31 31 31 31 31 31 31 31 31 31 31 31 31 31 31 31 31 31 31 31 31 31 31 31 31 31 31 31 31 31 31 31 31 31 31 31 31 31 
22 22 22 22 22 22 22 22 26 26 26 26 26 26 26 26 26 26 26 27 27 27 27 27 27 27 28 28 28 28 28 28 28 28 28 28 31 31 31 31 31 31 31 31 31 31 31 31 31 31 31 31 31 31 31 31 31 31 31 31 31 31 31 31 31 31 31 31 31 31 31 31 31 31 31 31 31 31 31 31 
22 22 22 22 22 22 22 26 26 26 26 26 26 26 26 26 26 26 26 27 27 27 27 27 27 28 28 28 28 28 28 28 28 28 28 31 31 31 31 31 31 31 31 31 31 31 31 31 31 31 31 31 31 31 31 31 31 31 31 31 31 31 31 31 31 31 31 31 31 31 31 31 31 31 31 31 31 31 31 31 
22 22 22 22 22 22 22 26 26 26 26 26 26 26 26 26 26 26 26 27 27 27 27 27 27 28 28 28 28 28 28 28 28 28 28 31 31 31 31 31 31 31 31 31 31 31 31 31 31 31 31 31 31 31 31 31 31 31 31 31 31 31 31 31 31 31 31 31 31 31 31 31 31 31 31 31 31 31 31 31 
22 22 22 22 22 22 22 26 26 26 26 26 26 26 26 26 26 26 29 27 27 27 27 27 28 28 28 28 28 28 28 28 28 28 31 31 31 31 31 31 31 31 31 31 31 31 31 31 31 31 31 31 31 31 31 31 31 31 31 31 31 31 31 31 31 31 31 31 31 31 31 31 31 31 31 31 31 31 31 31 
22 22 22 22 22 22 26 26 26 26 26 26 26 26 26 26 26 26 29 27 27 27 27 27 28 28 28 28 28 28 28 28 28 28 31 31 31 31 31 31 31 31 31 31 31 31 31 31 31 31 31 31 31 31 31 31 31 31 31 31 31 31 31 31 31 31 31 31 31 31 31 31 31 31 31 31 31 31 31 31 
22 22 22 22 22 22 26 26 26 26 26 26 26 26 26 26 26 29 29 29 27 27 27 28 28 28 28 28 28 28 28 28 28 31 31 31 31 31 31 31 31 31 31 31 31 31 31 31 31 31 31 31 31 31 31 31 31 31 31 31 31 31 31 31 31 31 31 31 31 31 31 31 31 31 31 31 31 31 31 31 
22 22 22 22 22 26 26 26 26 26 26 26 26 26 26 26 26 29 29 29 27 27 27 28 28 28 28 28 28 28 28 28 28 31 31 31 31 31 31 31 31 31 31 31 31 31 31 31 31 31 31 31 31 31 31 31 31 31 31 31 31 31 31 31 31 31 31 31 31 31 31 31 31 31 31 31 31 31 31 31 
22 22 22 22 22 26 26 26 26 26 26 26 26 26 26 26 29 29 29 29 29 27 27 28 28 28 28 28 28 28 28 28 31 31 31 31 31 31 31 31 31 31 31 31 31 31 31 31 31 31 31 31 31 31 31 31 31 31 31 31 31 31 31 31 31 31 31 31 31 31 31 31 31 31 31 31 31 31 31 31 
22 22 22 22 22 26 26 26 26 26 26 26 26 26 26 29 29 29 29 29 29 27 28 28 28 28 28 28 28 28 28 28 31 31 31 31 31 31 31 31 31 31 31 31 31 31 31 31 31 31 31 31 31 31 31 31 31 31 31 31 31 31 31 31 31 31 31 31 31 31 31 31 31 31 31 31 31 31 31 31 
22 22 22 22 26 26 26 26 26 26 26 26 26 26 26 29 29 29 29 29 29 29 28 28 28 28 28 28 28 28 28 31 31 31 31 31 31 31 31 31 31 31 31 31 31 31 31 31 31 31 31 31 31 31 31 31 31 31 31 31 31 31 31 31 31 31 31 31 31 31 31 31 31 31 31 31 31 31 31 31 
22 22 22 22 26 26 26 26 26 26 26 26 26 26 29 29 29 29 29 29 29 29 28 28 28 28 28 28 28 28 28 31 31 31 31 31 31 31 31 31 31 31 31 31 31 31 31 31 31 31 31 31 31 31 31 31 31 31 31 31 31 31 31 31 31 31 31 31 31 31 31 31 31 31 31 31 31 31 31 31 
22 22 22 22 26 26 26 26 26 26 26 26 26 26 29 29 29 29 29 29 29 29 28 28 28 28 28 28 28 28 31 31 31 31 31 31 31 31 31 31 31 31 31 31 31 31 31 31 31 31 31 31 31 31 31 31 31 31 31 31 31 31 31 31 31 31 31 31 31 31 31 31 31 31 31 31 31 31 31 31 
22 22 22 26 26 26 26 26 26 26 26 26 26 29 29 29 29 29 29 29 29 29 28 28 28 28 28 28 28 28 31 31 31 31 31 31 31 31 31 31 31 31 31 31 31 31 31 31 31 31 31 31 31 31 31 31 31 31 31 31 31 31 31 31 31 31 31 31 31 31 31 31 31 31 31 31 31 31 31 31 
22 22 22 26 26 26 26 26 26 26 26 26 26 29 29 29 29 29 29 29 29 29 28 28 28 28 28 28 28 31 31 31 31 31 31 31 31 31 31 31 31 31 31 31 31 31 31 31 31 31 31 31 31 31 31 31 31 31 31 31 31 31 31 31 31 31 31 31 31 31 31 31 31 31 31 31 31 31 31 31 
22 22 26 26 26 26 26 26 26 26 26 26 29 29 29 29 29 29 29 29 29 29 28 28 28 28 28 28 28 31 31 31 31 31 31 31 31 31 31 31 31 31 31 31 31 31 31 31 31 31 31 31 31 31 31 31 31 31 31 31 31 31 31 31 31 31 31 31 31 31 31 31 31 31 31 31 31 31 31 31 
22 22 26 26 26 26 26 26 26 26 26 29 29 29 29 29 29 29 29 29 29 29 28 28 28 28 28 28 31 31 31 31 31 31 31 31 31 31 31 31 31 31 31 31 31 31 31 31 31 31 31 31 31 31 31 31 31 31 31 31 31 31 31 31 31 31 31 31 31 31 31 31 31 31 31 31 31 31 31 31 
22 22 26 26 26 26 26 26 26 26 26 29 29 29 29 29 29 29 29 29 29 29 30 28 28 28 28 28 31 31 31 31 31 31 31 31 31 31 31 31 31 31 31 31 31 31 31 31 31 31 31 31 31 31 31 31 31 31 31 31 31 31 31 31 31 31 31 31 31 31 31 31 31 31 31 31 31 31 31 31 
22 26 26 26 26 26 26 26 26 26 29 29 29 29 29 29 29 29 29 29 29 30 30 28 28 28 28 31 31 31 31 31 31 31 31 31 31 31 31 31 31 31 31 31 31 31 31 31 31 31 31 31 31 31 31 31 31 31 31 31 31 31 31 31 31 31 31 31 31 31 31 31 31 31 31 31 31 31 31 31 
22 26 26 26 26 26 26 26 26 26 29 29 29 29 29 29 29 29 29 29 29 30 30 30 28 28 28 31 31 31 31 31 31 31 31 31 31 31 31 31 31 31 31 31 31 31 31 31 31 31 31 31 31 31 31 31 31 31 31 31 31 31 31 31 31 31 31 31 31 31 31 31 31 31 31 31 31 31 31 31 
22 26 26 26 26 26 26 26 26 29 29 29 29 29 29 29 29 29 29 29 29 30 30 30 30 28 31 31 31 31 31 31 31 31 31 31 31 31 31 31 31 31 31 31 31 31 31 31 31 31 31 31 31 31 31 31 31 31 31 31 31 31 31 31 31 31 31 31 31 31 31 31 31 31 31 31 31 31 31 31 
26 26 26 26 26 26 26 26 26 29 29 29 29 29 29 29 29 29 29 29 30 30 30 30 30 28 31 31 31 31 31 31 31 31 31 31 31 31 31 31 31 31 31 31 31 31 31 31 31 31 31 31 31 31 31 31 31 31 31 31 31 31 31 31 31 31 31 31 31 31 31 31 31 31 31 31 31 31 31 31 
26 26 26 26 26 26 26 26 29 29 29 29 29 29 29 29 29 29 29 29 30 30 30 30 30 31 31 31 31 31 31 31 31 31 31 31 31 31 31 31 31 31 31 31 31 31 31 31 31 31 31 31 31 31 31 31 31 31 31 31 31 31 31 31 31 31 31 31 31 31 31 31 31 31 31 31 31 31 31 31 
26 26 26 26 26 26 26 29 29 29 29 29 29 29 29 29 29 29 29 29 30 30 30 30 30 31 31 31 31 31 31 31 31 31 31 31 31 31 31 31 31 31 31 31 31 31 31 31 31 31 31 31 31 31 31 31 31 31 31 31 31 31 31 31 31 31 31 31 31 31 31 31 31 31 31 31 31 31 31 31 
26 26 26 26 26 26 26 29 29 29 29 29 29 29 29 29 29 29 29 30 30 30 30 30 30 31 31 31 31 31 31 31 31 31 31 31 31 31 31 31 31 31 31 31 31 31 31 31 31 31 31 31 31 31 31 31 31 31 31 31 31 31 31 31 31 31 31 31 31 31 31 31 31 31 31 31 31 31 31 31 
26 26 26 26 26 26 29 29 29 29 29 29 29 29 29 29 29 29 29 30 30 30 30 30 30 31 31 31 31 31 31 31 31 31 31 31 31 31 31 31 31 31 31 31 31 31 31 31 31 31 31 31 31 31 31 31 31 31 31 31 31 31 31 31 31 31 31 31 31 31 31 31 31 31 31 31 31 31 31 31 
26 26 26 26 26 26 29 29 29 29 29 29 29 29 29 29 29 29 29 30 30 30 30 30 30 31 31 31 31 31 31 31 31 31 31 31 31 31 31 31 31 31 31 31 31 31 31 31 31 31 31 31 31 31 31 31 31 31 31 31 31 31 31 31 31 31 31 31 31 31 31 31 31 31 31 31 31 31 31 31 
26 26 26 26 26 29 29 29 29 29 29 29 29 29 29 29 29 29 29 30 30 30 30 30 30 31 31 31 31 31 31 31 31 31 31 31 31 31 31 31 31 31 31 31 31 31 31 31 31 31 31 31 31 31 31 31 31 31 31 31 31 31 31 31 31 31 31 31 31 31 31 31 31 31 31 31 31 31 31 31 
26 26 26 26 29 29 29 29 29 29 29 29 29 29 29 29 29 29 30 30 30 30 30 30 30 31 31 31 31 31 31 31 31 31 31 31 31 31 31 31 31 31 31 31 31 31 31 31 31 31 31 31 31 31 31 31 31 31 31 31 31 31 31 31 31 31 31 31 31 31 31 31 31 31 31 31 31 31 31 31 
26 26 26 26 29 29 29 29 29 29 29 29 29 29 29 29 29 29 30 30 30 30 30 30 30 31 31 31 31 31 31 31 31 31 31 31 31 31 31 31 31 31 31 31 31 31 31 31 31 31 31 31 31 31 31 31 31 31 31 31 31 31 31 31 31 31 31 31 31 31 31 31 31 31 31 31 31 31 31 31 
26 26 26 29 29 29 29 29 29 29 29 29 29 29 29 29 29 29 30 30 30 30 30 30 30 31 31 31 31 31 31 31 31 31 31 31 31 31 31 31 31 31 31 31 31 31 31 31 31 31 31 31 31 31 31 31 31 31 31 31 31 31 31 31 31 31 31 31 31 31 31 31 31 31 31 31 31 31 31 31 
26 26 26 29 29 29 29 29 29 29 29 29 29 29 29 29 29 30 30 30 30 30 30 30 30 31 31 31 31 31 31 31 31 31 31 31 31 31 31 31 31 31 31 31 31 31 31 31 31 31 31 31 31 31 31 31 31 31 31 31 31 31 31 31 31 31 31 31 31 31 31 31 31 31 31 31 31 31 31 31 
26 26 29 29 29 29 29 29 29 29 29 29 29 29 29 29 29 30 30 30 30 30 30 30 30 31 31 31 31 31 31 31 31 31 31 31 31 31 31 31 31 31 31 31 31 31 31 31 31 31 31 31 31 31 31 31 31 31 31 31 31 31 31 31 31 31 31 31 31 31 31 31 31 31 31 31 31 31 31 31 
26 26 29 29 29 29 29 29 29 29 29 29 29 29 29 29 29 30 30 30 30 30 30 30 30 31 31 31 31 31 31 31 31 31 31 31 31 31 31 31 31 31 31 31 31 31 31 31 31 31 31 31 31 31 31 31 31 31 31 31 31 31 31 31 31 31 31 31 31 31 31 31 31 31 31 31 31 31 31 31 
26 29 29 29 29 29 29 29 29 29 29 29 29 29 29 29 30 30 30 30 30 30 30 30 30 31 31 31 31 31 31 31 31 31 31 31 31 31 31 31 31 31 31 31 31 31 31 31 31 31 31 31 31 31 31 31 31 31 31 31 31 31 31 31 31 31 31 31 31 31 31 31 31 31 31 31 31 31 31 31 
29 29 29 29 29 29 29 29 29 29 29 29 29 29 29 29 30 30 30 30 30 30 30 30 30 31 31 31 31 31 31 31 31 31 31 31 31 31 31 31 31 31 31 31 31 31 31 31 31 31 31 31 31 31 31 31 31 31 31 31 31 31 31 31 31 31 31 31 31 31 31 31 31 31 31 31 31 31 31 31 
