2 2 2 4 4 4 4 6 6 6 6 7 1 1 1 1 1 1 1 9 9 9 9 9 9 9 9 9 9 19 19 19 19 19 19 19 19 19 19 19 19 29 29 29 29 29 29 29 
2 2 2 4 4 4 6 6 6 6 7 7 1 1 1 1 1 1 1 9 9 9 9 9 9 9 9 9 9 19 19 19 19 19 19 19 19 19 19 19 29 29 29 29 29 29 29 29 
2 2 4 4 4 4 6 6 6 6 7 1 1 1 1 1 1 1 8 9 9 9 9 9 9 9 9 9 19 19 19 19 19 19 19 19 19 19 19 19 29 29 29 29 29 29 29 29 
3 3 4 4 4 6 6 6 6 7 7 1 1 1 1 1 1 1 9 9 9 9 9 9 9 9 9 9 19 19 19 19 19 19 19 19 19 19 19 29 29 29 29 29 29 29 29 29 
3 4 4 4 4 6 6 6 6 7 7 1 1 1 1 1 1 8 9 9 9 9 9 9 9 9 9 19 19 19 19 19 19 19 19 19 19 19 19 29 29 29 29 29 29 29 29 29 
3 4 4 4 6 6 6 6 7 7 1 1 1 1 1 1 1 8 9 9 9 9 9 9 9 9 9 19 19 19 19 19 19 19 19 19 19 19 29 29 29 29 29 29 29 29 29 29 
4 4 4 5 6 6 6 7 7 7 1 1 1 1 1 1 8 9 9 9 9 9 9 9 9 9 14 19 19 19 19 19 19 19 19 19 19 19 29 29 29 29 29 29 29 29 29 29 
4 4 5 6 6 6 6 7 7 1 1 1 1 1 1 1 8 9 9 9 9 9 9 9 9 9 19 19 19 19 19 19 19 19 19 19 19 29 29 29 29 29 29 29 29 29 29 29 
4 5 5 6 6 6 7 7 7 1 1 1 1 1 1 8 9 9 9 9 9 9 9 9 9 14 19 19 19 19 19 19 19 19 19 19 19 29 29 29 29 29 29 29 29 29 29 29 
5 5 5 6 6 6 7 7 0 1 1 1 1 1 1 8 9 9 9 9 9 9 9 9 9 19 19 19 19 19 19 19 19 19 19 19 29 29 29 29 29 29 29 29 29 29 29 29 
5 5 6 6 6 7 7 0 1 1 1 1 1 1 8 8 9 9 9 9 9 9 9 9 14 19 19 19 19 19 19 19 19 19 19 19 29 29 29 29 29 29 29 29 29 29 29 29 
5 5 6 6 7 7 7 0 1 1 1 1 1 1 8 9 9 9 9 9 9 9 9 14 14 19 19 19 19 19 19 19 19 19 19 29 29 29 29 29 29 29 29 29 29 29 29 29 
5 6 6 6 7 7 0 0 1 1 1 1 1 8 8 9 9 9 9 9 9 9 9 14 19 19 19 19 19 19 19 19 19 19 19 29 29 29 29 29 29 29 29 29 29 29 29 29 
5 6 6 7 7 7 0 1 1 1 1 1 1 8 8 9 9 9 9 9 9 9 14 14 19 19 19 19 19 19 19 19 19 19 29 29 29 29 29 29 29 29 29 29 29 29 29 29 
6 6 7 7 7 0 0 1 1 1 1 1 8 8 9 9 9 9 9 9 9 9 14 19 19 19 19 19 19 19 19 19 19 19 29 29 29 29 29 29 29 29 29 29 29 29 29 29 
6 6 7 7 7 0 0 1 1 1 1 1 8 8 9 9 9 9 9 9 9 14 14 19 19 19 19 19 19 19 19 19 19 29 29 29 29 29 29 29 29 29 29 29 29 29 29 29 
6 7 7 7 0 0 1 1 1 1 1 8 8 9 9 9 9 9 9 9 9 14 14 19 19 19 19 19 19 19 19 19 19 29 29 29 29 29 29 29 29 29 29 29 29 29 29 29 
6 7 7 7 0 0 1 1 1 1 1 8 8 9 9 9 9 9 9 9 14 14 19 19 19 19 19 19 19 19 19 19 19 29 29 29 29 29 29 29 29 29 29 29 29 29 29 29 
7 7 7 0 0 0 1 1 1 1 8 8 8 9 9 9 9 9 9 9 14 14 19 19 19 19 19 19 19 19 19 19 29 29 29 29 29 29 29 29 29 29 29 29 29 29 29 29 
7 7 7 0 0 1 1 1 1 1 8 8 9 9 9 9 9 9 9 14 14 19 19 19 19 19 19 19 19 19 19 19 29 29 29 29 29 29 29 29 29 29 29 29 29 29 29 29 
7 7 0 0 0 1 1 1 1 8 8 8 9 9 9 9 9 9 9 14 14 19 19 19 19 19 19 19 19 19 19 29 29 29 29 29 29 29 29 29 29 29 29 29 29 29 29 29 
7 7 0 0 0 1 1 1 1 8 8 8 9 9 9 9 9 9 14 14 19 19 19 19 19 19 19 19 19 19 19 29 29 29 29 29 29 29 29 29 29 29 29 29 29 29 29 22 
7 0 0 0 1 1 1 1 8 8 8 9 9 9 9 9 9 9 14 14 19 19 19 19 19 19 19 19 19 19 29 29 29 29 29 29 29 29 29 29 29 29 29 29 29 29 29 22 
7 0 0 0 1 1 1 1 8 8 8 9 9 9 9 9 9 14 14 14 19 19 19 19 19 19 19 19 19 19 29 29 29 29 29 29 29 29 29 29 29 29 29 29 29 29 22 22 
0 0 0 0 1 1 1 8 8 8 8 9 9 9 9 9 9 14 14 19 19 19 19 19 19 19 19 19 19 29 29 29 29 29 29 29 29 29 29 29 29 29 29 29 29 29 22 22 
0 0 0 1 1 1 1 8 8 8 9 9 9 9 9 9 14 14 14 19 19 19 19 19 19 19 19 19 19 29 29 29 29 29 29 29 29 29 29 29 29 29 29 29 29 22 22 22 
15 15 15 15 1 1 8 8 8 8 9 9 9 9 9 9 14 14 19 19 19 19 19 19 19 19 19 19 29 29 29 29 29 29 29 29 29 29 29 29 29 29 29 29 22 22 22 22 
15 15 15 15 1 1 8 8 8 9 9 9 9 9 9 14 14 14 19 19 19 19 19 19 19 19 19 19 29 29 29 29 29 29 29 29 29 29 29 29 29 29 29 29 22 22 22 22 
15 15 15 15 15 8 8 8 8 9 9 9 9 9 9 14 14 14 19 19 19 19 19 19 19 19 19 29 29 29 29 29 29 29 29 29 29 29 29 29 29 29 29 22 22 22 22 22 
15 15 15 15 15 8 8 8 8 9 9 9 9 9 14 14 14 19 19 19 19 19 19 19 19 19 19 29 29 29 29 29 29 29 29 29 29 29 29 29 29 29 22 22 22 22 22 22 
15 15 15 15 15 8 8 8 9 9 9 9 9 9 14 14 14 19 19 19 19 19 19 19 19 19 29 29 29 29 29 29 29 29 29 29 29 29 29 29 29 29 22 22 22 22 22 22 
15 15 15 15 15 8 8 8 9 9 9 9 9 14 14 14 19 19 19 19 19 19 19 19 19 19 29 29 29 29 29 29 29 29 29 29 29 29 29 29 29 22 22 22 22 22 22 22 
15 15 15 15 15 8 8 8 9 9 9 9 9 14 14 14 19 19 19 19 19 19 19 19 19 29 29 29 29 29 29 29 29 29 29 29 29 29 29 29 22 22 22 22 22 22 22 10 
15 15 15 15 15 8 8 9 9 9 9 9 14 14 14 14 19 19 19 19 19 19 19 19 19 29 29 29 29 29 29 29 29 29 29 29 29 29 29 29 22 22 22 22 22 22 10 10 
15 15 15 15 15 27 27 9 9 9 9 14 14 14 14 19 19 19 19 19 19 19 19 19 29 29 29 29 29 29 29 29 29 29 29 29 29 29 29 22 22 22 22 22 22 22 10 10 
26 26 26 26 26 27 27 9 9 9 9 14 14 14 14 19 19 19 19 19 19 19 19 19 29 29 29 29 29 29 29 29 29 29 29 29 29 29 22 22 22 22 22 22 22 10 10 10 
26 26 26 26 26 27 27 9 9 9 14 14 14 14 19 19 19 19 19 19 19 19 19 29 29 29 29 29 29 29 29 29 29 29 29 29 29 29 22 22 22 22 22 22 22 10 10 10 
26 26 26 26 26 27 27 9 9 9 14 14 14 14 19 19 19 19 19 19 19 19 19 29 29 29 29 29 29 29 29 29 29 29 29 29 29 22 22 22 22 22 22 22 10 10 10 10 
26 26 26 26 26 27 27 9 9 14 14 14 14 14 19 19 19 19 19 19 19 19 29 29 29 29 29 29 29 29 29 29 29 29 29 29 22 22 22 22 22 22 22 22 10 10 10 10 
26 26 26 26 26 27 27 9 9 14 14 14 14 19 19 19 19 19 19 19 19 19 29 29 29 29 29 29 29 29 29 29 29 29 29 29 22 22 22 22 22 22 22 10 10 10 10 10 
26 26 26 26 26 27 27 9 14 14 14 14 14 19 19 19 19 19 19 19 19 29 29 29 29 29 29 29 29 29 29 29 29 29 29 22 22 22 22 22 22 22 10 10 10 10 10 10 
26 26 26 26 26 27 16 16 14 14 14 14 19 19 19 19 19 19 19 19 19 29 29 29 29 29 29 29 29 29 29 29 29 29 22 22 22 22 22 22 22 22 10 10 10 10 10 10 
26 26 26 26 26 16 16 16 14 14 14 14 19 19 19 19 19 19 19 19 29 29 29 29 29 29 29 29 29 29 29 29 29 29 22 22 22 22 22 22 22 10 10 10 10 10 10 10 
26 26 26 26 26 16 16 16 14 14 14 19 19 19 19 19 19 19 19 19 29 29 29 29 29 29 29 29 29 29 29 29 29 22 22 22 22 22 22 22 22 10 10 10 10 10 10 10 
26 26 26 26 26 16 16 16 14 14 14 19 19 19 19 19 19 19 19 29 29 29 29 29 29 29 29 29 29 29 29 29 22 22 22 22 22 22 22 22 10 10 10 10 10 10 10 10 
26 26 26 26 26 16 16 16 14 14 14 19 19 19 19 19 19 19 19 29 29 29 29 29 29 29 29 29 29 29 29 29 22 22 22 22 22 22 22 22 10 10 10 10 10 10 10 10 
26 26 26 26 26 16 16 16 14 14 19 19 19 19 19 19 19 19 29 29 29 29 29 29 29 29 29 29 29 29 29 22 22 22 22 22 22 22 22 10 10 10 10 10 10 10 10 10 
26 26 26 26 24 16 16 16 17 17 19 19 19 19 19 19 19 19 29 29 29 29 29 29 29 29 29 29 29 29 22 22 22 22 22 22 22 22 10 10 10 10 10 10 10 10 10 10 
26 26 26 24 24 16 16 16 17 17 19 19 19 19 19 19 19 20 29 29 29 29 29 29 29 29 29 29 29 29 22 22 22 22 22 22 22 22 10 10 10 10 10 10 10 10 10 10 
26 26 24 24 24 24 16 17 17 17 19 19 19 19 19 19 20 29 29 29 29 29 29 29 29 29 29 29 29 22 22 22 22 22 22 22 22 10 10 10 10 10 10 10 10 10 10 10 
26 24 24 24 24 24 24 17 17 17 19 19 19 19 19 20 20 29 29 29 29 29 29 29 29 29 29 29 22 22 22 22 22 22 22 22 22 10 10 10 10 10 10 10 10 10 10 10 
24 24 24 24 24 24 24 17 17 17 19 19 19 19 20 20 20 29 29 29 29 29 29 29 29 29 29 29 22 22 22 22 22 22 22 22 10 10 10 10 10 10 10 10 10 10 10 31 
24 24 24 24 24 24 24 17 17 17 19 19 19 20 20 20 29 29 29 29 29 29 29 29 29 29 29 22 22 22 22 22 22 22 22 22 10 10 10 10 10 10 10 10 10 10 10 31 
24 24 24 24 24 24 24 17 17 17 19 19 20 20 20 20 29 29 29 29 29 29 29 29 29 29 29 22 22 22 22 22 22 22 22 10 10 10 10 10 10 10 10 10 10 10 31 31 
24 24 24 24 24 24 24 25 25 25 19 20 20 20 20 29 29 29 29 29 29 29 29 29 29 29 22 22 22 22 22 22 22 22 10 10 10 10 10 10 10 10 10 10 10 10 31 31 
24 24 24 24 24 24 24 25 25 25 20 20 20 20 20 29 29 29 29 29 29 29 29 29 29 22 22 22 22 22 22 22 22 22 10 10 10 10 10 10 10 10 10 10 10 31 31 31 
24 24 24 24 24 24 24 25 25 25 20 20 20 20 20 29 29 29 29 29 29 29 29 29 29 22 22 22 22 22 22 22 22 10 10 10 10 10 10 10 10 10 10 10 31 31 31 31 
24 24 24 24 24 24 24 25 25 25 20 20 20 20 29 29 29 29 29 29 29 29 29 29 22 22 22 22 22 22 22 22 22 10 10 10 10 10 10 10 10 10 10 10 31 31 31 31 
24 24 24 24 24 24 24 25 25 25 20 20 20 20 29 29 29 29 29 29 29 29 29 22 22 22 22 22 22 22 22 22 10 10 10 10 10 10 10 10 10 10 10 31 31 31 31 31 
24 24 24 24 24 24 24 25 25 25 20 20 20 20 29 29 29 29 29 29 29 29 29 22 22 22 22 22 22 22 22 22 10 10 10 10 10 10 10 10 10 10 10 31 31 31 31 31 
24 24 24 24 24 24 24 25 25 18 18 20 20 29 29 29 29 29 29 29 29 29 22 22 22 22 22 22 22 22 22 10 10 10 10 10 10 10 10 10 10 10 31 31 31 31 31 31 
24 24 24 24 24 24 24 25 25 18 18 20 28 29 29 29 29 29 29 29 29 22 22 22 22 22 22 22 22 22 22 10 10 10 10 10 10 10 10 10 10 10 31 31 31 31 31 31 
24 24 24 24 24 24 24 25 18 18 18 28 28 29 29 29 29 29 29 29 29 22 22 22 22 22 22 22 22 22 10 10 10 10 10 10 10 10 10 10 10 31 31 31 31 31 31 31 
24 24 24 24 24 24 24 25 18 18 18 28 28 29 29 29 29 29 29 29 22 22 22 22 22 22 22 22 22 10 10 10 10 10 10 10 10 10 10 10 10 31 31 31 31 31 31 31 
24 24 24 24 24 24 23 18 18 18 18 28 28 29 29 29 29 29 29 22 22 22 22 22 22 22 22 22 22 10 10 10 10 10 10 10 10 10 10 10 31 31 31 31 31 31 31 31 
24 24 24 24 24 23 23 23 18 18 18 28 28 29 29 29 29 29 29 22 22 22 22 22 22 22 22 22 10 10 10 10 10 10 10 10 10 10 10 10 31 31 31 31 31 31 31 31 
24 24 24 24 24 23 23 23 18 18 18 28 28 29 29 29 29 29 22 22 22 22 22 22 22 22 22 22 10 10 10 10 10 10 10 10 10 10 10 31 31 31 31 31 31 31 31 31 
24 24 24 24 23 23 23 23 23 18 18 28 28 29 29 29 29 22 22 22 22 22 22 22 22 22 22 10 10 10 10 10 10 10 10 10 10 10 10 31 31 31 31 31 31 31 31 31 
24 24 24 23 23 23 23 23 23 18 18 28 28 29 29 29 29 22 22 22 22 22 22 22 22 22 22 10 10 10 10 10 10 10 10 10 10 10 31 31 31 31 31 31 31 31 31 31 
24 24 23 23 23 23 23 23 23 18 18 28 28 29 29 29 22 22 22 22 22 22 22 22 22 22 10 10 10 10 10 10 10 10 10 10 10 10 31 31 31 31 31 31 31 31 31 31 
24 24 23 23 23 23 23 23 23 23 18 21 21 29 29 22 22 22 22 22 22 22 22 22 22 10 10 10 10 10 10 10 10 10 10 10 10 31 31 31 31 31 31 31 31 31 31 31 
24 23 23 23 23 23 23 23 23 23 21 21 21 21 29 22 22 22 22 22 22 22 22 22 22 10 10 10 10 10 10 10 10 10 10 10 10 31 31 31 31 31 31 31 31 31 31 31 
23 23 23 23 23 23 23 23 23 23 21 21 21 21 22 22 22 22 22 22 22 22 22 22 10 10 10 10 10 10 10 10 10 10 10 10 31 31 31 31 31 31 31 31 31 31 31 31 
23 23 23 23 23 23 23 23 23 23 21 21 21 21 22 22 22 22 22 22 22 22 22 22 10 10 10 10 10 10 10 10 10 10 10 10 31 31 31 31 31 31 31 31 31 31 31 31 
23 23 23 23 23 23 23 23 23 23 21 21 21 21 22 22 22 22 22 22 22 22 22 10 10 10 10 10 10 10 10 10 10 10 10 31 31 31 31 31 31 31 31 31 31 31 31 31 
23 23 23 23 23 23 23 23 23 23 21 21 21 21 22 22 22 22 22 22 22 22 22 10 10 10 10 10 10 10 10 10 10 10 10 31 31 31 31 31 31 31 31 31 31 31 31 31 
23 23 23 23 23 23 23 23 23 23 21 21 21 21 22 22 22 22 22 22 22 22 10 10 10 10 10 10 10 10 10 10 10 10 31 31 31 31 31 31 31 31 31 31 31 31 31 31 
23 23 23 23 23 23 23 23 23 23 21 21 21 21 22 22 22 22 22 22 22 10 10 10 10 10 10 10 10 10 10 10 10 10 31 31 31 31 31 31 31 31 31 31 31 31 31 31 
23 23 23 23 23 23 23 23 23 23 21 21 21 21 22 22 22 22 22 22 22 10 10 10 10 10 10 10 10 10 10 10 10 31 31 31 31 31 31 31 31 31 31 31 31 31 31 31 
23 23 23 23 23 23 23 23 23 12 12 21 21 21 22 22 22 22 22 22 10 10 10 10 10 10 10 10 10 10 10 10 10 31 31 31 31 31 31 31 31 31 31 31 31 31 31 31 
23 23 23 23 23 23 23 23 23 12 12 12 21 21 22 22 22 22 22 22 10 10 10 10 10 10 10 10 10 10 10 10 31 31 31 31 31 31 31 31 31 31 31 31 31 31 31 31 
23 23 23 23 23 23 23 23 23 12 12 12 12 21 13 13 13 13 13 10 10 10 10 10 10 10 10 10 10 10 10 10 31 31 31 31 31 31 31 31 31 31 31 31 31 31 31 31 
23 23 23 23 23 23 23 23 12 12 12 12 12 13 13 13 13 13 13 10 10 10 10 10 10 10 10 10 10 10 10 31 31 31 31 31 31 31 31 31 31 31 31 31 31 31 31 31 
23 23 23 23 23 23 23 23 12 12 12 12 12 13 13 13 13 13 13 10 10 10 10 10 10 10 10 10 10 10 10 31 31 31 31 31 31 31 31 31 31 31 31 31 31 31 31 31 
23 23 23 23 23 23 23 12 12 12 12 12 12 13 13 13 13 13 13 10 10 10 10 10 10 10 10 10 10 10 31 31 31 31 31 31 31 31 31 31 31 31 31 31 31 31 31 31 
23 23 23 23 23 23 23 12 12 12 12 12 12 13 13 13 13 13 10 10 10 10 10 10 10 10 10 10 10 10 31 31 31 31 31 31 31 31 31 31 31 31 31 31 31 31 31 31 
23 23 23 23 23 23 23 12 12 12 12 12 12 13 13 13 13 13 10 10 10 10 10 10 10 10 10 10 10 31 31 31 31 31 31 31 31 31 31 31 31 31 31 31 31 31 31 31 
23 23 23 23 23 23 12 12 12 12 12 12 12 13 13 13 13 13 10 10 10 10 10 10 10 10 10 10 31 31 31 31 31 31 31 31 31 31 31 31 31 31 31 31 31 31 31 31 
23 23 23 23 23 23 12 12 12 12 12 12 12 13 13 13 13 13 10 10 10 10 10 10 10 10 10 10 31 31 31 31 31 31 31 31 31 31 31 31 31 31 31 31 31 31 31 31 
23 23 23 23 23 12 12 12 12 12 12 12 12 13 13 13 13 10 10 10 10 10 10 10 10 10 10 31 31 31 31 31 31 31 31 31 31 31 31 31 31 31 31 31 31 31 31 31 
23 23 23 23 23 12 12 12 12 12 12 12 12 13 13 13 13 10 10 10 10 10 10 10 10 10 10 31 31 31 31 31 31 31 31 31 31 31 31 31 31 31 31 31 31 31 31 31 
23 23 23 23 23 12 12 12 12 12 12 12 12 13 13 13 13 10 10 10 10 10 10 10 10 10 31 31 31 31 31 31 31 31 31 31 31 31 31 31 31 31 31 31 31 31 31 31 
23 23 23 23 12 12 12 12 12 12 12 12 12 11 13 13 13 10 10 10 10 10 10 10 10 10 31 31 31 31 31 31 31 31 31 31 31 31 31 31 31 31 31 31 31 31 31 31 
23 23 23 23 12 12 12 12 12 12 12 12 12 11 11 11 10 10 10 10 10 10 10 10 10 31 31 31 31 31 31 31 31 31 31 31 31 31 31 31 31 31 31 31 31 31 31 31 
23 23 23 12 12 12 12 12 12 12 12 12 11 11 11 11 10 10 10 10 10 10 10 10 10 31 31 31 31 31 31 31 31 31 31 31 31 31 31 31 31 31 31 31 31 31 31 31 
23 23 23 12 12 12 12 12 12 12 12 12 11 11 11 11 10 10 10 10 10 10 10 10 31 31 31 31 31 31 31 31 31 31 31 31 31 31 31 31 31 31 31 31 31 31 31 31 
23 23 23 12 12 12 12 12 12 12 12 12 11 11 11 11 11 10 10 10 10 10 10 10 31 31 31 31 31 31 31 31 31 31 31 31 31 31 31 31 31 31 31 31 31 31 31 31 
23 23 12 12 12 12 12 12 12 12 12 11 11 11 11 11 11 10 10 10 10 10 10 31 31 31 31 31 31 31 31 31 31 31 31 31 31 31 31 31 31 31 31 31 31 31 31 31 
23 23 12 12 12 12 12 12 12 12 12 11 11 11 11 11 11 10 10 10 10 10 10 31 31 31 31 31 31 31 31 31 31 31 31 31 31 31 31 31 31 31 31 31 31 31 31 31 
23 12 12 12 12 12 12 12 12 12 11 11 11 11 11 11 11 10 10 10 10 10 31 31 31 31 31 31 31 31 31 31 31 31 31 31 31 31 31 31 31 31 31 31 31 31 31 31 
23 12 12 12 12 12 12 12 12 12 11 11 11 11 11 11 11 10 10 10 10 10 31 31 31 31 31 31 31 31 31 31 31 31 31 31 31 31 31 31 31 31 31 31 31 31 31 31 
23 12 12 12 12 12 12 12 12 12 11 11 11 11 11 11 11 30 30 30 30 31 31 31 31 31 31 31 31 31 31 31 31 31 31 31 31 31 31 31 31 31 31 31 31 31 31 31 
12 12 12 12 12 12 12 12 12 11 11 11 11 11 11 11 11 30 30 30 30 31 31 31 31 31 31 31 31 31 31 31 31 31 31 31 31 31 31 31 31 31 31 31 31 31 31 31 
12 12 12 12 12 12 12 12 12 11 11 11 11 11 11 11 11 30 30 30 30 31 31 31 31 31 31 31 31 31 31 31 31 31 31 31 31 31 31 31 31 31 31 31 31 31 31 31 
12 12 12 12 12 12 12 12 11 11 11 11 11 11 11 11 30 30 30 30 30 31 31 31 31 31 31 31 31 31 31 31 31 31 31 31 31 31 31 31 31 31 31 31 31 31 31 31 
12 12 12 12 12 12 12 12 11 11 11 11 11 11 11 11 30 30 30 30 30 31 31 31 31 31 31 31 31 31 31 31 31 31 31 31 31 31 31 31 31 31 31 31 31 31 31 31 
12 12 12 12 12 12 12 12 11 11 11 11 11 11 11 11 30 30 30 30 30 31 31 31 31 31 31 31 31 31 31 31 31 31 31 31 31 31 31 31 31 31 31 31 31 31 31 31 
12 12 12 12 12 12 12 11 11 11 11 11 11 11 11 11 30 30 30 30 30 31 31 31 31 31 31 31 31 31 31 31 31 31 31 31 31 31 31 31 31 31 31 31 31 31 31 31 
12 12 12 12 12 12 12 11 11 11 11 11 11 11 11 11 30 30 30 30 30 31 31 31 31 31 31 31 31 31 31 31 31 31 31 31 31 31 31 31 31 31 31 31 31 31 31 31 
12 12 12 12 12 12 11 11 11 11 11 11 11 11 11 30 30 30 30 30 31 31 31 31 31 31 31 31 31 31 31 31 31 31 31 31 31 31 31 31 31 31 31 31 31 31 31 31 
12 12 12 12 12 12 11 11 11 11 11 11 11 11 11 30 30 30 30 30 31 31 31 31 31 31 31 31 31 31 31 31 31 31 31 31 31 31 31 31 31 31 31 31 31 31 31 31 
12 12 12 12 12 12 11 11 11 11 11 11 11 11 11 30 30 30 30 30 31 31 31 31 31 31 31 31 31 31 31 31 31 31 31 31 31 31 31 31 31 31 31 31 31 31 31 31 
12 12 12 12 12 11 11 11 11 11 11 11 11 11 11 30 30 30 30 30 31 31 31 31 31 31 31 31 31 31 31 31 31 31 31 31 31 31 31 31 31 31 31 31 31 31 31 31 
12 12 12 12 12 11 11 11 11 11 11 11 11 11 11 30 30 30 30 30 31 31 31 31 31 31 31 31 31 31 31 31 31 31 31 31 31 31 31 31 31 31 31 31 31 31 31 31 
12 12 12 12 12 11 11 11 11 11 11 11 11 11 30 30 30 30 30 30 31 31 31 31 31 31 31 31 31 31 31 31 31 31 31 31 31 31 31 31 31 31 31 31 31 31 31 31 
12 12 12 12 11 11 11 11 11 11 11 11 11 11 30 30 30 30 30 30 31 31 31 31 31 31 31 31 31 31 31 31 31 31 31 31 31 31 31 31 31 31 31 31 31 31 31 31 
12 12 12 12 11 11 11 11 11 11 11 11 11 11 30 30 30 30 30 30 31 31 31 31 31 31 31 31 31 31 31 31 31 31 31 31 31 31 31 31 31 31 31 31 31 31 31 31 
12 12 12 11 11 11 11 11 11 11 11 11 11 11 30 30 30 30 30 30 31 31 31 31 31 31 31 31 31 31 31 31 31 31 31 31 31 31 31 31 31 31 31 31 31 31 31 31 
12 12 12 11 11 11 11 11 11 11 11 11 11 30 30 30 30 30 30 31 31 31 31 31 31 31 31 31 31 31 31 31 31 31 31 31 31 31 31 31 31 31 31 31 31 31 31 31 
12 12 12 11 11 11 11 11 11 11 11 11 11 30 30 30 30 30 30 31 31 31 31 31 31 31 31 31 31 31 31 31 31 31 31 31 31 31 31 31 31 31 31 31 31 31 31 31 
