0 0 0 0 0 0 0 2 2 2 2 2 2 3 3 3 3 3 3 4 4 4 4 4 4 5 6 6 6 6 6 6 6 6 6 6 6 6 6 6 
0 0 0 0 0 0 2 2 2 2 2 2 3 3 3 3 3 3 4 4 4 4 4 4 5 6 6 6 6 6 6 6 6 6 6 6 6 6 6 6 
0 0 0 0 1 2 2 2 2 2 2 3 3 3 3 3 3 4 4 4 4 4 4 5 6 6 6 6 6 6 6 6 6 6 6 6 6 6 6 6 
1 1 1 1 2 2 2 2 2 2 3 3 3 3 3 3 4 4 4 4 4 4 5 6 6 6 6 6 6 6 6 6 6 6 6 6 6 6 6 8 
1 1 1 2 2 2 2 2 2 3 3 3 3 3 3 4 4 4 4 4 4 5 5 6 6 6 6 6 6 6 6 6 6 6 6 6 6 6 8 10 
1 1 2 2 2 2 2 2 3 3 3 3 3 3 4 4 4 4 4 4 5 5 6 6 6 6 6 6 6 6 6 6 6 6 6 6 6 8 8 10 
1 2 2 2 2 2 3 3 3 3 3 3 3 4 4 4 4 4 4 5 5 6 6 6 6 6 6 6 6 6 6 6 6 6 6 6 8 8 10 10 
2 2 2 2 2 3 3 3 3 3 3 3 4 4 4 4 4 4 5 5 6 6 6 6 6 6 6 6 6 6 6 6 6 6 8 8 8 10 10 10 
2 2 2 2 3 3 3 3 3 3 4 4 4 4 4 4 4 5 5 5 6 6 6 6 6 6 6 6 6 6 6 6 6 8 8 8 10 10 10 10 
2 2 2 3 3 3 3 3 3 4 4 4 4 4 4 4 5 5 5 6 6 6 6 6 6 6 6 6 6 6 6 6 8 8 8 10 10 10 10 10 
2 2 3 3 3 3 3 3 4 4 4 4 4 4 4 5 5 5 6 6 6 6 6 6 6 6 6 6 6 6 6 8 8 8 10 10 10 10 10 10 
2 3 3 3 3 3 3 4 4 4 4 4 4 4 5 5 5 6 6 6 6 6 6 6 6 6 6 6 6 6 8 8 8 10 10 10 10 10 10 10 
3 3 3 3 3 3 4 4 4 4 4 4 4 5 5 5 6 6 6 6 6 6 6 6 6 6 6 6 6 8 8 8 10 10 10 10 10 10 10 10 
3 3 3 3 3 4 4 4 4 4 4 4 5 5 5 5 6 6 6 6 6 6 6 6 6 6 6 6 8 8 8 10 10 10 10 10 10 10 10 10 
3 3 3 3 4 4 4 4 4 4 4 5 5 5 5 6 6 6 6 6 6 6 6 6 6 6 6 8 8 8 10 10 10 10 10 10 10 10 10 12 
3 3 3 4 4 4 4 4 4 4 5 5 5 5 6 6 6 6 6 6 6 6 6 6 6 6 8 8 8 8 10 10 10 10 10 10 10 10 12 12 
3 3 4 4 4 4 4 4 4 5 5 5 5 6 6 6 6 6 6 6 6 6 6 6 6 8 8 8 8 10 10 10 10 10 10 10 10 12 12 12 
3 4 4 4 4 4 4 4 5 5 5 5 5 6 6 6 6 6 6 6 6 6 6 6 8 8 8 8 10 10 10 10 10 10 10 10 12 12 12 15 
4 4 4 4 4 4 4 5 5 5 5 5 6 6 6 6 6 6 6 6 6 6 8 8 8 8 8 10 10 10 10 10 10 10 10 12 12 12 15 15 
4 4 4 4 4 4 5 5 5 5 5 6 6 6 6 6 6 6 6 6 6 8 8 8 8 8 10 10 10 10 10 10 10 10 12 12 12 12 15 15 
4 4 4 4 4 5 5 5 5 5 6 6 6 6 6 6 6 6 6 6 8 8 8 8 8 10 10 10 10 10 10 10 10 10 12 12 12 15 15 15 
4 4 4 4 5 5 5 5 5 5 6 6 6 6 6 6 6 6 6 8 8 8 8 8 10 10 10 10 10 10 10 10 10 12 12 12 15 15 15 15 
4 4 4 5 5 5 5 5 5 6 6 6 6 6 6 6 6 6 8 8 8 8 8 10 10 10 10 10 10 10 10 10 12 12 12 15 15 15 15 15 
4 4 5 5 5 5 5 5 6 6 6 6 6 6 6 6 6 8 8 8 8 8 10 10 10 10 10 10 10 10 10 12 12 12 12 15 15 15 15 15 
4 5 5 5 5 5 5 6 6 6 6 6 6 6 6 6 8 8 8 8 8 10 10 10 10 10 10 10 10 10 12 12 12 12 15 15 15 15 15 15 
5 5 5 5 5 5 5 6 6 6 6 6 6 6 6 8 8 8 8 8 8 10 10 10 10 10 10 10 10 12 12 12 12 15 15 15 15 15 15 15 
5 5 5 5 5 5 6 6 6 6 6 6 6 6 8 8 8 8 8 8 10 10 10 10 10 10 10 10 12 12 12 12 15 15 15 15 15 15 15 15 
7 7 7 5 5 6 6 6 6 6 6 6 6 8 8 8 8 8 8 10 10 10 10 10 10 10 10 12 12 12 12 12 15 15 15 15 15 15 15 15 
7 7 7 7 7 6 6 6 6 6 6 8 8 8 8 8 8 8 10 10 10 10 10 10 10 10 12 12 12 12 12 15 15 15 15 15 15 15 15 15 
7 7 7 7 7 6 6 6 6 6 8 8 8 8 8 8 8 10 10 10 10 10 10 10 10 12 12 12 12 12 15 15 15 15 15 15 15 15 15 15 
7 7 7 7 7 6 6 6 6 8 8 8 8 8 8 8 10 10 10 10 10 10 10 10 12 12 12 12 12 15 15 15 15 15 15 15 15 15 15 15 
7 7 7 7 7 6 6 6 8 8 8 8 8 8 8 10 10 10 10 10 10 10 10 10 12 12 12 12 12 15 15 15 15 15 15 15 15 15 15 15 
7 7 7 7 7 6 6 8 8 8 8 8 8 8 10 10 10 10 10 10 10 10 10 12 12 12 12 12 15 15 15 15 15 15 15 15 15 15 15 15 
7 7 7 7 7 6 8 8 8 8 8 8 8 10 10 10 10 10 10 10 10 10 12 12 12 12 12 15 15 15 15 15 15 15 15 15 15 15 15 15 
7 7 7 7 7 8 8 8 8 8 8 8 10 10 10 10 10 10 10 10 10 12 12 12 12 12 15 15 15 15 15 15 15 15 15 15 15 15 15 15 
7 7 7 7 7 8 8 8 8 8 8 10 10 10 10 10 10 10 10 10 12 12 12 12 12 12 15 15 15 15 15 15 15 15 15 15 15 15 15 15 
7 7 7 7 7 8 8 8 8 8 8 10 10 10 10 10 10 10 10 12 12 12 12 12 12 15 15 15 15 15 15 15 15 15 15 15 15 15 15 15 
7 7 7 7 9 9 8 8 8 8 10 10 10 10 10 10 10 10 12 12 12 12 12 12 15 15 15 15 15 15 15 15 15 15 15 15 15 15 15 15 
7 7 7 9 9 9 9 8 8 10 10 10 10 10 10 10 10 12 12 12 12 12 12 15 15 15 15 15 15 15 15 15 15 15 15 15 15 15 15 15 
7 7 9 9 9 9 9 9 10 10 10 10 10 10 10 10 12 12 12 12 12 12 15 15 15 15 15 15 15 15 15 15 15 15 15 15 15 15 15 15 
7 9 9 9 9 9 9 9 10 10 10 10 10 10 10 12 12 12 12 12 12 12 15 15 15 15 15 15 15 15 15 15 15 15 15 15 15 15 15 15 
7 9 9 9 9 9 9 9 10 10 10 10 10 10 12 12 12 12 12 12 12 15 15 15 15 15 15 15 15 15 15 15 15 15 15 15 15 15 15 15 
9 9 9 9 9 9 9 10 10 10 10 10 10 10 12 12 12 12 12 12 15 15 15 15 15 15 15 15 15 15 15 15 15 15 15 15 15 15 15 15 
13 9 9 9 9 9 9 10 10 10 10 10 10 12 12 12 12 12 12 15 15 15 15 15 15 15 15 15 15 15 15 15 15 15 15 15 15 15 15 18 
13 13 13 9 9 9 9 10 10 10 10 10 12 12 12 12 12 12 12 15 15 15 15 15 15 15 15 15 15 15 15 15 15 15 15 15 15 18 18 22 
13 13 13 13 9 9 9 10 10 10 10 12 12 12 12 12 12 12 15 15 15 15 15 15 15 15 15 15 15 15 15 15 15 15 15 15 18 18 22 22 
13 13 13 13 13 13 11 11 10 10 12 12 12 12 12 12 12 15 15 15 15 15 15 15 15 15 15 15 15 15 15 15 15 15 15 18 18 22 22 22 
13 13 13 13 13 13 11 11 11 12 12 12 12 12 12 12 15 15 15 15 15 15 15 15 15 15 15 15 15 15 15 15 15 18 18 18 18 22 22 22 
13 13 13 13 13 13 11 11 11 12 12 12 12 12 12 12 15 15 15 15 15 15 15 15 15 15 15 15 15 15 15 15 18 18 18 18 22 22 22 22 
13 13 13 13 13 13 11 11 11 12 12 12 12 12 12 15 15 15 15 15 15 15 15 15 15 15 15 15 15 15 15 18 18 18 18 22 22 22 22 22 
13 13 13 13 13 13 11 11 11 12 12 12 12 12 15 15 15 15 15 15 15 15 15 15 15 15 15 15 15 18 18 18 18 18 22 22 22 22 22 22 
13 13 13 13 13 13 13 11 11 12 12 12 12 15 15 15 15 15 15 15 15 15 15 15 15 15 15 15 18 18 18 18 18 22 22 22 22 22 22 22 
13 13 13 13 13 13 13 11 11 12 12 12 12 15 15 15 15 15 15 15 15 15 15 15 15 15 15 18 18 18 18 18 22 22 22 22 22 22 22 22 
13 13 13 13 13 13 13 11 11 12 12 12 15 15 15 15 15 15 15 15 15 15 15 15 15 15 18 18 18 18 18 18 22 22 22 22 22 22 22 22 
13 13 13 13 13 13 13 11 14 14 14 15 15 15 15 15 15 15 15 15 15 15 15 15 18 18 18 18 18 18 18 22 22 22 22 22 22 22 22 22 
13 13 13 13 13 13 13 14 14 14 14 15 15 15 15 15 15 15 15 15 15 15 15 18 18 18 18 18 18 18 22 22 22 22 22 22 22 22 22 22 
13 13 13 13 13 13 13 14 14 14 14 15 15 15 15 15 15 15 15 15 15 15 18 18 18 18 18 18 18 22 22 22 22 22 22 22 22 22 22 22 
13 13 13 13 13 13 16 14 14 14 14 15 15 15 15 15 15 15 15 15 18 18 18 18 18 18 18 18 22 22 22 22 22 22 22 22 22 22 22 22 
13 13 13 13 13 16 16 14 14 14 14 15 15 15 15 15 15 15 15 18 18 18 18 18 18 18 18 22 22 22 22 22 22 22 22 22 22 22 22 22 
13 13 13 13 16 16 16 16 14 14 14 15 15 15 15 15 15 15 18 18 18 18 18 18 18 18 18 22 22 22 22 22 22 22 22 22 22 22 22 22 
13 13 16 16 16 16 16 16 14 14 14 15 15 15 15 15 18 18 18 18 18 18 18 18 18 18 22 22 22 22 22 22 22 22 22 22 22 22 22 22 
13 16 16 16 16 16 16 16 16 14 17 17 15 15 15 18 18 18 18 18 18 18 18 18 18 22 22 22 22 22 22 22 22 22 22 22 22 22 22 22 
16 16 16 16 16 16 16 16 16 17 17 17 17 15 18 18 18 18 18 18 18 18 18 18 22 22 22 22 22 22 22 22 22 22 22 22 22 22 22 22 
16 16 16 16 16 16 16 16 16 17 17 17 17 18 18 18 18 18 18 18 18 18 18 22 22 22 22 22 22 22 22 22 22 22 22 22 22 22 22 22 
16 16 16 16 16 16 16 16 16 17 17 17 17 18 18 18 18 18 18 18 18 18 22 22 22 22 22 22 22 22 22 22 22 22 22 22 22 22 22 22 
16 16 16 16 16 16 16 16 16 17 17 17 17 18 18 18 18 18 18 18 18 18 22 22 22 22 22 22 22 22 22 22 22 22 22 22 22 22 22 22 
16 16 16 16 16 16 16 16 16 17 17 17 18 18 18 18 18 18 18 18 18 22 22 22 22 22 22 22 22 22 22 22 22 22 22 22 22 22 22 22 
16 16 16 16 16 16 16 16 16 19 17 17 18 18 18 18 18 18 18 18 22 22 22 22 22 22 22 22 22 22 22 22 22 22 22 22 22 22 22 27 
16 16 16 16 16 16 16 16 19 19 19 19 18 18 18 18 18 18 18 22 22 22 22 22 22 22 22 22 22 22 22 22 22 22 22 22 22 22 27 27 
16 16 16 16 16 16 16 16 19 19 19 19 18 18 18 18 18 18 22 22 22 22 22 22 22 22 22 22 22 22 22 22 22 22 22 22 22 27 27 27 
16 16 16 16 21 21 21 21 19 19 19 19 18 18 18 18 18 22 22 22 22 22 22 22 22 22 22 22 22 22 22 22 22 22 22 22 27 27 27 27 
21 21 21 21 21 21 21 21 19 19 19 19 19 18 18 18 18 22 22 22 22 22 22 22 22 22 22 22 22 22 22 22 22 22 22 27 27 27 27 27 
21 21 21 21 21 21 21 21 21 19 19 19 20 20 20 20 22 22 22 22 22 22 22 22 22 22 22 22 22 22 22 22 22 22 27 27 27 27 27 27 
21 21 21 21 21 21 21 21 21 19 19 19 20 20 20 20 22 22 22 22 22 22 22 22 22 22 22 22 22 22 22 22 22 27 27 27 27 27 27 27 
21 21 21 21 21 21 21 21 21 19 19 19 20 20 20 20 22 22 22 22 22 22 22 22 22 22 22 22 22 22 22 22 27 27 27 27 27 27 27 27 
21 21 21 21 21 21 21 21 21 21 19 19 20 20 20 22 22 22 22 22 22 22 22 22 22 22 22 22 22 22 22 27 27 27 27 27 27 27 27 27 
21 21 21 21 21 21 21 21 21 21 23 23 20 20 20 22 22 22 22 22 22 22 22 22 22 22 22 22 22 27 27 27 27 27 27 27 27 27 27 27 
21 21 21 21 21 21 21 21 21 21 23 23 20 20 20 22 22 22 22 22 22 22 22 22 22 22 22 22 27 27 27 27 27 27 27 27 27 27 27 27 
21 21 21 21 21 21 21 21 21 23 23 23 23 20 20 22 22 22 22 22 22 22 22 22 22 22 22 27 27 27 27 27 27 27 27 27 27 27 27 27 
21 21 21 21 21 21 21 21 21 23 23 23 23 20 22 22 22 22 22 22 22 22 22 22 22 25 25 27 27 27 27 27 27 27 27 27 27 27 27 27 
21 21 21 21 21 21 21 21 21 23 23 23 23 24 24 22 22 22 22 22 22 22 22 25 25 25 27 27 27 27 27 27 27 27 27 27 27 27 27 27 
21 21 21 21 21 21 21 21 21 23 23 23 23 24 24 22 22 22 22 22 22 25 25 25 25 27 27 27 27 27 27 27 27 27 27 27 27 27 27 27 
21 21 21 21 21 21 21 21 23 23 23 23 23 24 24 24 22 22 22 25 25 25 25 25 25 27 27 27 27 27 27 27 27 27 27 27 27 27 27 27 
21 21 21 21 21 21 21 21 23 23 23 23 23 24 24 24 22 25 25 25 25 25 25 25 27 27 27 27 27 27 27 27 27 27 27 27 27 27 27 27 
21 21 21 21 21 21 21 21 23 23 23 23 24 24 24 24 25 25 25 25 25 25 25 27 27 27 27 27 27 27 27 27 27 27 27 27 27 27 27 27 
21 21 21 21 21 21 21 21 23 23 23 23 24 24 24 24 25 25 25 25 25 25 25 27 27 27 27 27 27 27 27 27 27 27 27 27 27 27 27 27 
21 21 21 21 21 21 21 21 23 23 23 23 24 24 24 24 25 25 25 25 25 25 27 27 27 27 27 27 27 27 27 27 27 27 27 27 27 27 27 27 
21 21 21 21 21 21 21 23 23 23 23 26 24 24 24 25 25 25 25 25 25 27 27 27 27 27 27 27 27 27 27 27 27 27 27 27 27 27 27 27 
21 21 21 21 21 21 21 23 23 26 26 26 26 24 24 25 25 25 25 25 25 27 27 27 27 27 27 27 27 27 27 27 27 27 27 27 27 27 27 27 
21 21 21 21 21 21 21 26 26 26 26 26 26 26 24 25 25 25 25 25 27 27 27 27 27 27 27 27 27 27 27 27 27 27 27 27 27 27 27 27 
21 21 21 21 21 21 26 26 26 26 26 26 26 26 26 25 25 25 25 27 27 27 27 27 27 27 27 27 27 27 27 27 27 27 27 27 27 27 27 27 
21 21 21 21 21 26 26 26 26 26 26 26 26 26 26 25 25 25 25 27 27 27 27 27 27 27 27 27 27 27 27 27 27 27 27 27 27 27 27 27 
21 21 21 21 21 26 26 26 26 26 26 26 26 26 26 28 28 25 27 27 27 27 27 27 27 27 27 27 27 27 27 27 27 27 27 27 27 27 27 27 
21 21 21 21 26 26 26 26 26 26 26 26 26 26 26 28 28 28 27 27 27 27 27 27 27 27 27 27 27 27 27 27 27 27 27 27 27 27 27 27 
21 21 21 26 26 26 26 26 26 26 26 26 26 26 26 28 28 28 27 27 27 27 27 27 27 27 27 27 27 27 27 27 27 27 27 27 27 27 29 29 
21 21 21 26 26 26 26 26 26 26 26 26 26 26 28 28 28 28 27 27 27 27 27 27 27 27 27 27 27 27 27 27 27 27 27 29 29 29 29 31 
21 21 26 26 26 26 26 26 26 26 26 26 26 26 28 28 28 28 27 27 27 27 27 27 27 27 27 27 27 27 27 27 29 29 29 29 29 29 31 31 
21 26 26 26 26 26 26 26 26 26 26 26 26 26 28 28 28 28 27 27 27 27 27 27 27 27 27 27 27 29 29 29 29 29 29 29 31 31 31 31 
21 26 26 26 26 26 26 26 26 26 26 26 26 26 28 28 28 28 27 27 27 27 27 27 27 27 29 29 29 29 29 29 29 29 29 31 31 31 31 31 
26 26 26 26 26 26 26 26 26 26 26 26 26 26 28 28 28 28 27 27 27 27 27 29 29 29 29 29 29 29 29 29 29 29 31 31 31 31 31 31 
26 26 26 26 26 26 26 26 26 26 26 26 26 28 28 28 28 28 27 27 29 29 29 29 29 29 29 29 29 29 29 29 29 31 31 31 31 31 31 31 
26 26 26 26 26 26 26 26 26 26 26 26 26 28 28 28 28 28 29 29 29 29 29 29 29 29 29 29 29 29 29 31 31 31 31 31 31 31 31 31 
26 26 26 26 26 26 26 26 26 26 26 26 26 28 28 28 28 28 29 29 29 29 29 29 29 29 29 29 29 29 31 31 31 31 31 31 31 31 31 31 
26 26 26 26 26 26 26 26 26 26 26 26 30 30 30 30 30 29 29 29 29 29 29 29 29 29 29 29 29 31 31 31 31 31 31 31 31 31 31 31 
26 26 26 26 26 26 26 26 26 26 26 30 30 30 30 30 30 30 29 29 29 29 29 29 29 29 29 29 31 31 31 31 31 31 31 31 31 31 31 31 
26 26 26 26 26 26 26 26 26 26 30 30 30 30 30 30 30 30 29 29 29 29 29 29 29 29 31 31 31 31 31 31 31 31 31 31 31 31 31 31 
26 26 26 26 26 26 26 26 26 30 30 30 30 30 30 30 30 30 29 29 29 29 29 29 29 31 31 31 31 31 31 31 31 31 31 31 31 31 31 31 
26 26 26 26 26 26 26 26 26 30 30 30 30 30 30 30 30 30 29 29 29 29 29 29 31 31 31 31 31 31 31 31 31 31 31 31 31 31 31 31 
26 26 26 26 26 26 26 26 30 30 30 30 30 30 30 30 30 30 29 29 29 29 29 31 31 31 31 31 31 31 31 31 31 31 31 31 31 31 31 31 
26 26 26 26 26 26 26 30 30 30 30 30 30 30 30 30 30 30 30 29 29 31 31 31 31 31 31 31 31 31 31 31 31 31 31 31 31 31 31 31 
26 26 26 26 26 26 30 30 30 30 30 30 30 30 30 30 30 30 30 29 31 31 31 31 31 31 31 31 31 31 31 31 31 31 31 31 31 31 31 31 
26 26 26 26 26 30 30 30 30 30 30 30 30 30 30 30 30 30 30 31 31 31 31 31 31 31 31 31 31 31 31 31 31 31 31 31 31 31 31 31 
26 26 26 26 30 30 30 30 30 30 30 30 30 30 30 30 30 30 30 31 31 31 31 31 31 31 31 31 31 31 31 31 31 31 31 31 31 31 31 31 
26 26 26 30 30 30 30 30 30 30 30 30 30 30 30 30 30 30 30 31 31 31 31 31 31 31 31 31 31 31 31 31 31 31 31 31 31 31 31 31 
26 26 30 30 30 30 30 30 30 30 30 30 30 30 30 30 30 30 31 31 31 31 31 31 31 31 31 31 31 31 31 31 31 31 31 31 31 31 31 31 
26 30 30 30 30 30 30 30 30 30 30 30 30 30 30 30 30 30 31 31 31 31 31 31 31 31 31 31 31 31 31 31 31 31 31 31 31 31 31 31 
30 30 30 30 30 30 30 30 30 30 30 30 30 30 30 30 30 30 31 31 31 31 31 31 31 31 31 31 31 31 31 31 31 31 31 31 31 31 31 31 
30 30 30 30 30 30 30 30 30 30 30 30 30 30 30 30 30 30 31 31 31 31 31 31 31 31 31 31 31 31 31 31 31 31 31 31 31 31 31 31 
30 30 30 30 30 30 30 30 30 30 30 30 30 30 30 30 30 30 31 31 31 31 31 31 31 31 31 31 31 31 31 31 31 31 31 31 31 31 31 31 
30 30 30 30 30 30 30 30 30 30 30 30 30 30 30 30 30 31 31 31 31 31 31 31 31 31 31 31 31 31 31 31 31 31 31 31 31 31 31 31 
