0 0 0 2 2 2 2 4 4 4 4 5 5 6 7 7 7 7 9 9 9 9 9 9 9 9 9 10 13 13 13 13 13 17 17 17 17 17 17 17 
0 0 0 2 2 2 4 4 4 4 5 5 6 6 7 7 7 9 9 9 9 9 9 9 9 9 9 13 13 13 13 13 13 17 17 17 17 17 17 17 
0 0 2 2 2 2 4 4 4 4 5 5 6 7 7 7 7 9 9 9 9 9 9 9 9 9 10 13 13 13 13 13 17 17 17 17 17 17 17 17 
1 1 2 2 2 4 4 4 4 5 5 6 6 7 7 7 7 9 9 9 9 9 9 9 9 9 13 13 13 13 13 13 17 17 17 17 17 17 17 17 
1 2 2 2 2 4 4 4 4 5 5 6 6 7 7 7 9 9 9 9 9 9 9 9 9 10 13 13 13 13 13 17 17 17 17 17 17 17 17 17 
1 2 2 2 4 4 4 4 5 5 6 6 7 7 7 7 9 9 9 9 9 9 9 9 9 13 13 13 13 13 13 17 17 17 17 17 17 17 17 17 
2 2 2 3 4 4 4 5 5 5 6 6 7 7 7 9 9 9 9 9 9 9 9 9 10 13 13 13 13 13 13 17 17 17 17 17 17 17 17 17 
2 2 3 4 4 4 4 5 5 6 6 7 7 7 7 9 9 9 9 9 9 9 9 10 10 13 13 13 13 13 17 17 17 17 17 17 17 17 17 17 
2 3 3 4 4 4 5 5 5 6 6 7 7 7 7 9 9 9 9 9 9 9 9 10 13 13 13 13 13 13 17 17 17 17 17 17 17 17 17 17 
3 3 3 4 4 4 5 5 6 6 7 7 7 7 9 9 9 9 9 9 9 9 10 10 13 13 13 13 13 17 17 17 17 17 17 17 17 17 17 17 
3 3 4 4 4 5 5 5 6 6 7 7 7 7 9 9 9 9 9 9 9 9 10 13 13 13 13 13 13 17 17 17 17 17 17 17 17 17 17 17 
3 3 4 4 5 5 5 6 6 6 7 7 7 9 9 9 9 9 9 9 9 10 10 13 13 13 13 13 13 17 17 17 17 17 17 17 17 17 17 17 
3 4 4 4 5 5 5 6 6 7 7 7 7 9 9 9 9 9 9 9 9 10 10 13 13 13 13 13 17 17 17 17 17 17 17 17 17 17 17 17 
3 4 4 5 5 5 6 6 6 7 7 7 7 9 9 9 9 9 9 9 10 10 13 13 13 13 13 13 17 17 17 17 17 17 17 17 17 17 17 17 
4 4 5 5 5 6 6 6 7 7 7 7 9 9 9 9 9 9 9 9 10 10 13 13 13 13 13 17 17 17 17 17 17 17 17 17 17 17 17 17 
4 4 5 5 5 6 6 6 7 7 7 7 9 9 9 9 9 9 9 10 10 13 13 13 13 13 13 17 17 17 17 17 17 17 17 17 17 17 17 17 
4 5 5 5 6 6 6 7 7 7 7 9 9 9 9 9 9 9 9 10 10 13 13 13 13 13 13 17 17 17 17 17 17 17 17 17 17 17 17 17 
4 5 5 5 6 6 6 7 7 7 7 9 9 9 9 9 9 9 10 10 13 13 13 13 13 13 17 17 17 17 17 17 17 17 17 17 17 17 17 17 
5 5 5 6 6 6 6 7 7 7 7 9 9 9 9 9 9 9 10 10 13 13 13 13 13 13 17 17 17 17 17 17 17 17 17 17 17 17 17 17 
5 5 5 6 6 6 7 7 7 7 9 9 9 9 9 9 9 10 10 10 13 13 13 13 13 17 17 17 17 17 17 17 17 17 17 17 17 17 17 17 
5 5 6 6 6 6 7 7 7 7 9 9 9 9 9 9 9 10 10 13 13 13 13 13 13 17 17 17 17 17 17 17 17 17 17 17 17 17 17 17 
5 5 6 6 6 7 7 7 7 9 9 9 9 9 9 9 10 10 10 13 13 13 13 13 13 17 17 17 17 17 17 17 17 17 17 17 17 17 17 23 
5 6 6 6 6 7 7 7 7 9 9 9 9 9 9 10 10 10 13 13 13 13 13 13 17 17 17 17 17 17 17 17 17 17 17 17 17 17 23 23 
5 6 6 6 6 7 7 7 7 9 9 9 9 9 9 10 10 10 13 13 13 13 13 13 17 17 17 17 17 17 17 17 17 17 17 17 17 17 23 23 
6 6 6 6 7 7 7 7 9 9 9 9 9 9 10 10 10 10 13 13 13 13 13 17 17 17 17 17 17 17 17 17 17 17 17 17 17 23 23 23 
6 6 6 6 7 7 7 7 9 9 9 9 9 9 10 10 10 13 13 13 13 13 13 17 17 17 17 17 17 17 17 17 17 17 17 17 17 23 23 23 
6 6 6 7 7 7 7 9 9 9 9 9 9 10 10 10 10 13 13 13 13 13 13 17 17 17 17 17 17 17 17 17 17 17 17 17 23 23 23 23 
6 6 6 7 7 7 7 9 9 9 9 9 9 10 10 10 13 13 13 13 13 13 17 17 17 17 17 17 17 17 17 17 17 17 17 17 23 23 23 23 
6 6 7 7 7 7 7 9 9 9 9 9 10 10 10 10 13 13 13 13 13 13 17 17 17 17 17 17 17 17 17 17 17 17 17 23 23 23 23 23 
6 8 8 8 7 7 9 9 9 9 9 9 10 10 10 13 13 13 13 13 13 17 17 17 17 17 17 17 17 17 17 17 17 17 17 23 23 23 23 23 
8 8 8 8 8 8 9 9 9 9 9 10 10 10 10 13 13 13 13 13 13 17 17 17 17 17 17 17 17 17 17 17 17 17 23 23 23 23 23 23 
8 8 8 8 8 8 9 9 9 9 9 10 10 10 10 13 13 13 13 13 13 17 17 17 17 17 17 17 17 17 17 17 17 17 23 23 23 23 23 23 
8 8 8 8 8 8 9 9 9 9 10 10 10 10 13 13 13 13 13 13 17 17 17 17 17 17 17 17 17 17 17 17 17 23 23 23 23 23 23 23 
8 8 8 8 8 8 9 9 9 9 10 10 10 10 13 13 13 13 13 13 17 17 17 17 17 17 17 17 17 17 17 17 17 23 23 23 23 23 23 23 
8 8 8 8 8 8 9 9 9 10 10 10 10 13 13 13 13 13 13 17 17 17 17 17 17 17 17 17 17 17 17 17 23 23 23 23 23 23 23 23 
8 8 8 8 8 8 9 9 9 10 10 10 10 13 13 13 13 13 13 17 17 17 17 17 17 17 17 17 17 17 17 17 23 23 23 23 23 23 23 23 
8 8 8 8 8 8 9 9 10 10 10 10 13 13 13 13 13 13 13 17 17 17 17 17 17 17 17 17 17 17 17 23 23 23 23 23 23 23 23 23 
8 8 8 8 8 11 9 9 10 10 10 10 13 13 13 13 13 13 17 17 17 17 17 17 17 17 17 17 17 17 17 23 23 23 23 23 23 23 23 23 
8 8 8 8 11 11 11 10 10 10 10 10 13 13 13 13 13 13 17 17 17 17 17 17 17 17 17 17 17 17 23 23 23 23 23 23 23 23 23 23 
8 8 8 11 11 11 11 10 10 10 10 13 13 13 13 13 13 17 17 17 17 17 17 17 17 17 17 17 17 17 23 23 23 23 23 23 23 23 23 23 
8 8 8 11 11 11 11 10 10 10 10 13 13 13 13 13 13 17 17 17 17 17 17 17 17 17 17 17 17 23 23 23 23 23 23 23 23 23 23 23 
8 8 11 11 11 11 11 10 10 10 13 13 13 13 13 13 15 17 17 17 17 17 17 17 17 17 17 17 17 23 23 23 23 23 23 23 23 23 23 23 
8 11 11 11 11 11 11 10 10 10 13 13 13 13 13 13 17 17 17 17 17 17 17 17 17 17 17 17 23 23 23 23 23 23 23 23 23 23 23 23 
11 11 11 11 11 11 11 10 10 10 13 13 13 13 13 15 17 17 17 17 17 17 17 17 17 17 17 17 23 23 23 23 23 23 23 23 23 23 23 23 
11 11 11 11 11 11 11 12 10 13 13 13 13 13 15 15 17 17 17 17 17 17 17 17 17 17 17 23 23 23 23 23 23 23 23 23 23 23 23 23 
14 11 11 11 11 11 11 12 12 13 13 13 13 13 15 15 17 17 17 17 17 17 17 17 17 17 23 23 23 23 23 23 23 23 23 23 23 23 23 23 
14 14 14 11 11 11 12 12 12 13 13 13 13 15 15 17 17 17 17 17 17 17 17 17 17 17 23 23 23 23 23 23 23 23 23 23 23 23 23 23 
14 14 14 14 14 11 12 12 12 13 13 13 13 15 15 17 17 17 17 17 17 17 17 17 17 23 23 23 23 23 23 23 23 23 23 23 23 23 23 23 
14 14 14 14 14 14 12 12 12 13 13 13 15 15 15 17 17 17 17 17 17 17 17 17 17 23 23 23 23 23 23 23 23 23 23 23 23 23 23 23 
14 14 14 14 14 14 12 12 12 13 13 13 15 15 17 17 17 17 17 17 17 17 17 17 23 23 23 23 23 23 23 23 23 23 23 23 23 23 23 23 
14 14 14 14 14 14 12 12 12 13 13 15 15 15 17 17 17 17 17 17 17 17 17 17 23 23 23 23 23 23 23 23 23 23 23 23 23 23 23 23 
14 14 14 14 14 14 14 12 12 13 13 15 15 15 17 17 17 17 17 17 17 17 17 23 23 23 23 23 23 23 23 23 23 23 23 23 23 23 23 23 
14 14 14 14 14 14 14 12 16 16 15 15 15 17 17 17 17 17 17 17 17 17 17 23 23 23 23 23 23 23 23 23 23 23 23 23 23 23 23 23 
14 14 14 14 14 14 14 16 16 16 15 15 15 17 17 17 17 17 17 17 17 17 23 23 23 23 23 23 23 23 23 23 23 23 23 23 23 23 23 28 
14 14 14 14 14 14 14 16 16 16 15 15 15 17 17 17 17 17 17 17 17 17 23 23 23 23 23 23 23 23 23 23 23 23 23 23 23 23 23 28 
14 14 14 14 14 14 14 16 16 16 15 15 15 17 17 17 17 17 17 17 17 23 23 23 23 23 23 23 23 23 23 23 23 23 23 23 23 23 28 28 
14 14 14 14 14 14 14 16 16 16 15 15 17 17 17 17 17 17 17 17 17 23 23 23 23 23 23 23 23 23 23 23 23 23 23 23 23 28 28 28 
14 14 14 14 14 14 14 16 16 16 15 15 17 17 17 17 17 17 17 17 23 23 23 23 23 23 23 23 23 23 23 23 23 23 23 23 23 28 28 28 
14 14 14 14 14 14 14 16 16 16 18 18 17 17 17 17 17 17 17 19 23 23 23 23 23 23 23 23 23 23 23 23 23 23 23 23 28 28 28 28 
14 14 14 14 14 14 14 16 16 16 18 18 17 17 17 17 17 17 19 23 23 23 23 23 23 23 23 23 23 23 23 23 23 23 23 28 28 28 28 28 
14 14 14 14 14 14 14 16 16 18 18 18 17 17 17 17 19 19 19 23 23 23 23 23 23 23 23 23 23 23 23 23 23 23 23 28 28 28 28 28 
14 14 14 14 14 14 14 20 16 18 18 18 17 17 17 19 19 19 19 23 23 23 23 23 23 23 23 23 23 23 23 23 23 23 28 28 28 28 28 28 
14 14 14 14 14 14 20 20 20 18 18 18 17 17 19 19 19 19 23 23 23 23 23 23 23 23 23 23 23 23 23 23 23 28 28 28 28 28 28 28 
14 14 14 14 14 14 20 20 20 18 18 18 17 19 19 19 19 19 23 23 23 23 23 23 23 23 23 23 23 23 23 23 23 28 28 28 28 28 28 28 
14 14 14 14 14 20 20 20 20 18 18 18 19 19 19 19 19 19 23 23 23 23 23 23 23 23 23 23 23 23 23 23 28 28 28 28 28 28 28 28 
14 14 14 14 14 20 20 20 20 20 18 18 19 19 19 19 19 23 23 23 23 23 23 23 23 23 23 23 23 23 23 28 28 28 28 28 28 28 28 28 
14 14 14 14 20 20 20 20 20 20 18 21 19 19 19 19 19 23 23 23 23 23 23 23 23 23 23 23 23 23 23 28 28 28 28 28 28 28 28 31 
14 14 14 14 20 20 20 20 20 20 21 21 19 19 19 19 22 23 23 23 23 23 23 23 23 23 23 23 23 23 28 28 28 28 28 28 28 28 28 31 
14 14 14 20 20 20 20 20 20 20 21 21 19 19 19 22 23 23 23 23 23 23 23 23 23 23 23 23 23 28 28 28 28 28 28 28 28 28 31 31 
14 14 14 20 20 20 20 20 20 20 21 21 21 19 22 22 23 23 23 23 23 23 23 23 23 23 23 23 23 28 28 28 28 28 28 28 28 28 31 31 
14 14 20 20 20 20 20 20 20 20 21 21 21 22 22 22 23 23 23 23 23 23 23 23 23 23 23 23 28 28 28 28 28 28 28 28 28 31 31 31 
14 14 20 20 20 20 20 20 20 20 21 21 21 22 22 22 23 23 23 23 23 23 23 23 23 23 23 28 28 28 28 28 28 28 28 28 28 31 31 31 
14 20 20 20 20 20 20 20 20 20 21 21 21 22 22 22 23 23 23 23 23 23 23 23 23 23 23 28 28 28 28 28 28 28 28 28 31 31 31 31 
14 20 20 20 20 20 20 20 20 20 21 21 21 22 22 23 23 23 23 23 23 23 23 23 23 26 28 28 28 28 28 28 28 28 28 28 31 31 31 31 
20 20 20 20 20 20 20 20 20 21 21 21 21 22 22 23 23 23 23 23 23 23 23 23 26 26 28 28 28 28 28 28 28 28 28 31 31 31 31 31 
20 20 20 20 20 20 20 20 20 21 21 21 21 22 22 23 23 23 23 23 23 23 23 26 26 28 28 28 28 28 28 28 28 28 28 31 31 31 31 31 
20 20 20 20 20 20 20 20 20 25 21 21 21 22 22 23 23 23 23 23 23 23 26 26 26 28 28 28 28 28 28 28 28 28 31 31 31 31 31 31 
20 20 20 20 20 20 20 20 25 25 25 21 24 24 22 23 23 23 23 23 23 26 26 26 28 28 28 28 28 28 28 28 28 28 31 31 31 31 31 31 
20 20 20 20 20 20 20 25 25 25 25 25 24 24 24 23 23 23 23 23 26 26 26 26 28 28 28 28 28 28 28 28 28 31 31 31 31 31 31 31 
20 20 20 20 20 20 25 25 25 25 25 25 24 24 24 23 23 23 26 26 26 26 26 28 28 28 28 28 28 28 28 28 28 31 31 31 31 31 31 31 
20 20 20 20 20 20 25 25 25 25 25 25 24 24 24 23 23 26 26 26 26 26 26 28 28 28 28 28 28 28 28 28 31 31 31 31 31 31 31 31 
20 20 20 20 20 25 25 25 25 25 25 25 24 24 24 23 26 26 26 26 26 26 28 28 28 28 28 28 28 28 28 28 31 31 31 31 31 31 31 31 
20 20 20 20 25 25 25 25 25 25 25 25 24 24 24 26 26 26 26 26 26 26 28 28 28 28 28 28 28 28 28 31 31 31 31 31 31 31 31 31 
20 20 20 20 25 25 25 25 25 25 25 25 24 24 24 26 26 26 26 26 26 28 28 28 28 28 28 28 28 28 28 31 31 31 31 31 31 31 31 31 
20 20 20 25 25 25 25 25 25 25 25 25 24 24 24 26 26 26 26 26 26 28 28 28 28 28 28 28 28 28 31 31 31 31 31 31 31 31 31 31 
20 20 25 25 25 25 25 25 25 25 25 25 24 24 24 26 26 26 26 26 28 28 28 28 28 28 28 28 28 28 31 31 31 31 31 31 31 31 31 31 
20 25 25 25 25 25 25 25 25 25 25 25 24 24 24 26 26 26 26 26 28 28 28 28 28 28 28 28 28 31 31 31 31 31 31 31 31 31 31 31 
20 25 25 25 25 25 25 25 25 25 25 25 24 24 27 26 26 26 26 28 28 28 28 28 28 28 28 28 28 31 31 31 31 31 31 31 31 31 31 31 
25 25 25 25 25 25 25 25 25 25 25 25 24 27 27 27 26 26 26 28 28 28 28 28 28 28 28 28 31 31 31 31 31 31 31 31 31 31 31 31 
25 25 25 25 25 25 25 25 25 25 25 25 27 27 27 27 26 26 28 28 28 28 28 28 28 28 28 28 31 31 31 31 31 31 31 31 31 31 31 31 
25 25 25 25 25 25 25 25 25 25 25 25 27 27 27 27 26 26 28 28 28 28 28 28 28 28 28 31 31 31 31 31 31 31 31 31 31 31 31 31 
25 25 25 25 25 25 25 25 25 25 25 25 27 27 27 27 27 28 28 28 28 28 28 28 28 28 28 31 31 31 31 31 31 31 31 31 31 31 31 31 
25 25 25 25 25 25 25 25 25 25 25 25 27 27 27 27 27 28 28 28 28 28 28 28 28 28 31 31 31 31 31 31 31 31 31 31 31 31 31 31 
25 25 25 25 25 25 25 25 25 25 25 27 27 27 27 27 27 28 28 28 28 28 28 28 28 28 31 31 31 31 31 31 31 31 31 31 31 31 31 31 
25 25 25 25 25 25 25 25 25 25 25 27 27 27 27 27 27 28 28 28 28 28 28 28 28 31 31 31 31 31 31 31 31 31 31 31 31 31 31 31 
25 25 25 25 25 25 25 25 25 25 25 27 27 27 27 27 27 28 28 28 28 28 28 28 28 31 31 31 31 31 31 31 31 31 31 31 31 31 31 31 
25 25 25 25 25 25 25 25 25 25 25 27 27 27 27 27 27 28 28 28 28 28 28 28 31 31 31 31 31 31 31 31 31 31 31 31 31 31 31 31 
25 25 25 25 25 25 25 25 25 25 25 27 27 27 27 27 27 28 28 28 28 28 28 28 31 31 31 31 31 31 31 31 31 31 31 31 31 31 31 31 
25 25 25 25 25 25 25 25 25 25 27 27 27 27 27 27 27 28 28 28 28 28 28 31 31 31 31 31 31 31 31 31 31 31 31 31 31 31 31 31 
25 25 25 25 25 25 25 25 25 25 29 29 29 29 29 29 29 28 28 28 28 28 28 31 31 31 31 31 31 31 31 31 31 31 31 31 31 31 31 31 
25 25 25 25 25 25 25 25 25 25 29 29 29 29 29 29 29 28 28 28 28 28 31 31 31 31 31 31 31 31 31 31 31 31 31 31 31 31 31 31 
25 25 25 25 25 25 25 25 25 29 29 29 29 29 29 29 29 28 28 28 28 28 31 31 31 31 31 31 31 31 31 31 31 31 31 31 31 31 31 31 
25 25 25 25 25 25 25 25 25 29 29 29 29 29 29 29 29 30 30 30 30 31 31 31 31 31 31 31 31 31 31 31 31 31 31 31 31 31 31 31 
25 25 25 25 25 25 25 25 29 29 29 29 29 29 29 29 29 30 30 30 30 31 31 31 31 31 31 31 31 31 31 31 31 31 31 31 31 31 31 31 
25 25 25 25 25 25 25 25 29 29 29 29 29 29 29 29 29 30 30 30 30 31 31 31 31 31 31 31 31 31 31 31 31 31 31 31 31 31 31 31 
25 25 25 25 25 25 25 29 29 29 29 29 29 29 29 29 29 30 30 30 30 31 31 31 31 31 31 31 31 31 31 31 31 31 31 31 31 31 31 31 
25 25 25 25 25 25 25 29 29 29 29 29 29 29 29 29 29 30 30 30 30 31 31 31 31 31 31 31 31 31 31 31 31 31 31 31 31 31 31 31 
25 25 25 25 25 25 29 29 29 29 29 29 29 29 29 29 29 30 30 30 30 31 31 31 31 31 31 31 31 31 31 31 31 31 31 31 31 31 31 31 
25 25 25 25 25 25 29 29 29 29 29 29 29 29 29 29 29 30 30 30 30 31 31 31 31 31 31 31 31 31 31 31 31 31 31 31 31 31 31 31 
25 25 25 25 25 29 29 29 29 29 29 29 29 29 29 29 29 30 30 30 30 31 31 31 31 31 31 31 31 31 31 31 31 31 31 31 31 31 31 31 
25 25 25 25 25 29 29 29 29 29 29 29 29 29 29 29 29 30 30 30 30 31 31 31 31 31 31 31 31 31 31 31 31 31 31 31 31 31 31 31 
25 25 25 25 25 29 29 29 29 29 29 29 29 29 29 29 30 30 30 30 31 31 31 31 31 31 31 31 31 31 31 31 31 31 31 31 31 31 31 31 
25 25 25 25 29 29 29 29 29 29 29 29 29 29 29 29 30 30 30 30 31 31 31 31 31 31 31 31 31 31 31 31 31 31 31 31 31 31 31 31 
25 25 25 25 29 29 29 29 29 29 29 29 29 29 29 29 30 30 30 30 31 31 31 31 31 31 31 31 31 31 31 31 31 31 31 31 31 31 31 31 
25 25 25 29 29 29 29 29 29 29 29 29 29 29 29 29 30 30 30 30 31 31 31 31 31 31 31 31 31 31 31 31 31 31 31 31 31 31 31 31 
25 25 25 29 29 29 29 29 29 29 29 29 29 29 29 29 30 30 30 30 31 31 31 31 31 31 31 31 31 31 31 31 31 31 31 31 31 31 31 31 
25 25 29 29 29 29 29 29 29 29 29 29 29 29 29 29 30 30 30 30 31 31 31 31 31 31 31 31 31 31 31 31 31 31 31 31 31 31 31 31 
25 25 29 29 29 29 29 29 29 29 29 29 29 29 29 29 30 30 30 30 31 31 31 31 31 31 31 31 31 31 31 31 31 31 31 31 31 31 31 31 
25 29 29 29 29 29 29 29 29 29 29 29 29 29 29 29 30 30 30 30 31 31 31 31 31 31 31 31 31 31 31 31 31 31 31 31 31 31 31 31 
25 29 29 29 29 29 29 29 29 29 29 29 29 29 29 29 30 30 30 30 31 31 31 31 31 31 31 31 31 31 31 31 31 31 31 31 31 31 31 31 
