0 0 0 0 0 0 0 0 0 0 2 2 2 2 2 2 2 2 2 2 3 3 3 4 4 4 4 4 4 4 4 4 4 4 5 5 5 5 5 5 
0 0 0 0 0 0 0 0 2 2 2 2 2 2 2 2 2 2 3 3 3 4 4 4 4 4 4 4 4 4 4 4 5 5 5 5 5 5 5 5 
0 0 0 0 0 0 2 2 2 2 2 2 2 2 2 2 3 3 3 3 4 4 4 4 4 4 4 4 4 4 5 5 5 5 5 5 5 5 5 5 
1 1 1 1 2 2 2 2 2 2 2 2 2 3 3 3 3 3 4 4 4 4 4 4 4 4 4 4 5 5 5 5 5 5 5 5 5 5 5 6 
1 1 2 2 2 2 2 2 2 2 2 3 3 3 3 3 4 4 4 4 4 4 4 4 4 4 4 5 5 5 5 5 5 5 5 5 5 6 6 6 
1 2 2 2 2 2 2 2 2 3 3 3 3 3 3 4 4 4 4 4 4 4 4 4 4 5 5 5 5 5 5 5 5 5 5 6 6 6 6 6 
2 2 2 2 2 2 2 3 3 3 3 3 3 4 4 4 4 4 4 4 4 4 4 5 5 5 5 5 5 5 5 5 5 6 6 6 6 6 6 6 
2 2 2 2 2 3 3 3 3 3 3 4 4 4 4 4 4 4 4 4 4 5 5 5 5 5 5 5 5 5 5 6 6 6 6 6 6 6 6 8 
2 2 2 3 3 3 3 3 3 3 4 4 4 4 4 4 4 4 4 5 5 5 5 5 5 5 5 5 5 5 6 6 6 6 6 6 6 8 8 8 
2 3 3 3 3 3 3 3 4 4 4 4 4 4 4 4 4 5 5 5 5 5 5 5 5 5 5 5 6 6 6 6 6 6 6 6 8 8 8 8 
3 3 3 3 3 3 3 4 4 4 4 4 4 4 4 4 5 5 5 5 5 5 5 5 5 5 6 6 6 6 6 6 6 6 8 8 8 8 8 8 
3 3 3 3 3 4 4 4 4 4 4 4 4 4 5 5 5 5 5 5 5 5 5 5 6 6 6 6 6 6 6 6 6 8 8 8 8 8 8 8 
3 3 3 4 4 4 4 4 4 4 4 4 5 5 5 5 5 5 5 5 5 5 6 6 6 6 6 6 6 6 6 8 8 8 8 8 8 8 8 10 
3 3 4 4 4 4 4 4 4 4 5 5 5 5 5 5 5 5 5 5 6 6 6 6 6 6 6 6 6 6 8 8 8 8 8 8 8 8 10 10 
4 4 4 4 4 4 4 4 5 5 5 5 5 5 5 5 5 5 6 6 6 6 6 6 6 6 6 6 8 8 8 8 8 8 8 8 10 10 10 10 
4 4 4 4 4 4 5 5 5 5 5 5 5 5 5 5 6 6 6 6 6 6 6 6 6 6 8 8 8 8 8 8 8 8 8 10 10 10 10 10 
4 4 4 4 4 5 5 5 5 5 5 5 5 5 6 6 6 6 6 6 6 6 6 6 6 8 8 8 8 8 8 8 8 8 10 10 10 10 10 10 
4 4 4 5 5 5 5 5 5 5 5 5 6 6 6 6 6 6 6 6 6 6 6 8 8 8 8 8 8 8 8 8 10 10 10 10 10 10 10 10 
4 5 5 5 5 5 5 5 5 5 5 6 6 6 6 6 6 6 6 6 6 6 8 8 8 8 8 8 8 8 8 10 10 10 10 10 10 10 10 10 
5 5 5 5 5 5 5 5 5 6 6 6 6 6 6 6 6 6 6 6 8 8 8 8 8 8 8 8 8 8 10 10 10 10 10 10 10 10 10 13 
5 5 5 5 5 5 5 6 6 6 6 6 6 6 6 6 6 6 6 8 8 8 8 8 8 8 8 8 10 10 10 10 10 10 10 10 10 10 13 13 
5 5 5 5 5 6 6 6 6 6 6 6 6 6 6 6 6 8 8 8 8 8 8 8 8 8 8 10 10 10 10 10 10 10 10 10 10 13 13 13 
5 5 5 6 6 6 6 6 6 6 6 6 6 6 6 7 8 8 8 8 8 8 8 8 8 10 10 10 10 10 10 10 10 10 10 13 13 13 13 13 
5 6 6 6 6 6 6 6 6 6 6 6 7 7 7 8 8 8 8 8 8 8 8 8 10 10 10 10 10 10 10 10 10 10 13 13 13 13 13 13 
6 6 6 6 6 6 6 6 6 6 7 7 7 7 8 8 8 8 8 8 8 8 8 10 10 10 10 10 10 10 10 10 10 13 13 13 13 13 13 13 
6 6 6 6 6 6 6 6 7 7 7 7 7 8 8 8 8 8 8 8 8 10 10 10 10 10 10 10 10 10 10 13 13 13 13 13 13 13 13 13 
6 6 6 6 6 6 7 7 7 7 7 7 8 8 8 8 8 8 8 8 10 10 10 10 10 10 10 10 10 10 13 13 13 13 13 13 13 13 13 13 
6 6 6 6 7 7 7 7 7 7 7 8 8 8 8 8 8 8 8 10 10 10 10 10 10 10 10 10 10 13 13 13 13 13 13 13 13 13 13 13 
6 7 7 7 7 7 7 7 7 8 8 8 8 8 8 8 8 10 10 10 10 10 10 10 10 10 10 10 13 13 13 13 13 13 13 13 13 13 13 13 
7 7 7 7 7 7 7 7 8 8 8 8 8 8 8 8 10 10 10 10 10 10 10 10 10 10 13 13 13 13 13 13 13 13 13 13 13 13 13 13 
7 7 7 7 7 7 7 8 8 8 8 8 8 8 8 10 10 10 10 10 10 10 10 10 10 13 13 13 13 13 13 13 13 13 13 13 13 13 13 13 
7 7 7 7 7 7 8 8 8 8 8 8 8 10 10 10 10 10 10 10 10 10 10 10 13 13 13 13 13 13 13 13 13 13 13 13 13 13 13 13 
7 7 7 7 7 8 8 8 8 8 8 8 10 10 10 10 10 10 10 10 10 10 10 13 13 13 13 13 13 13 13 13 13 13 13 13 13 13 13 13 
9 9 9 7 8 8 8 8 8 8 8 10 10 10 10 10 10 10 10 10 10 13 13 13 13 13 13 13 13 13 13 13 13 13 13 13 13 13 13 13 
9 9 9 9 8 8 8 8 8 10 10 10 10 10 10 10 10 10 10 10 13 13 13 13 13 13 13 13 13 13 13 13 13 13 13 13 13 13 13 13 
9 9 9 9 9 8 8 8 10 10 10 10 10 10 10 10 10 10 10 13 13 13 13 13 13 13 13 13 13 13 13 13 13 13 13 13 13 13 13 13 
9 9 9 9 9 9 8 10 10 10 10 10 10 10 10 10 10 10 13 13 13 13 13 13 13 13 13 13 13 13 13 13 13 13 13 13 13 13 13 13 
9 9 9 9 9 9 10 10 10 10 10 10 10 10 10 10 13 13 13 13 13 13 13 13 13 13 13 13 13 13 13 13 13 13 13 13 13 13 13 13 
9 9 9 9 9 9 10 10 10 10 10 10 10 10 11 13 13 13 13 13 13 13 13 13 13 13 13 13 13 13 13 13 13 13 13 13 13 13 13 13 
9 9 9 9 9 9 10 10 10 10 10 11 11 11 13 13 13 13 13 13 13 13 13 13 13 13 13 13 13 13 13 13 13 13 13 13 13 13 13 16 
9 9 9 9 9 9 10 10 10 11 11 11 11 11 13 13 13 13 13 13 13 13 13 13 13 13 13 13 13 13 13 13 13 13 13 13 13 16 16 16 
9 9 9 9 9 9 11 11 11 11 11 11 11 13 13 13 13 13 13 13 13 13 13 13 13 13 13 13 13 13 13 13 13 13 13 16 16 16 16 16 
9 9 12 12 12 12 11 11 11 11 11 11 13 13 13 13 13 13 13 13 13 13 13 13 13 13 13 13 13 13 13 13 13 16 16 16 16 16 16 16 
12 12 12 12 12 12 11 11 11 11 11 13 13 13 13 13 13 13 13 13 13 13 13 13 13 13 13 13 13 13 16 16 16 16 16 16 16 16 16 16 
12 12 12 12 12 12 12 11 11 11 13 13 13 13 13 13 13 13 13 13 13 13 13 13 13 13 13 13 16 16 16 16 16 16 16 16 16 16 16 16 
12 12 12 12 12 12 12 11 11 13 13 13 13 13 13 13 13 13 13 13 13 13 13 13 13 13 16 16 16 16 16 16 16 16 16 16 16 16 16 16 
12 12 12 12 12 12 12 14 14 13 13 13 13 13 13 13 13 13 13 13 13 13 13 13 16 16 16 16 16 16 16 16 16 16 16 16 16 16 16 16 
12 12 12 12 12 12 12 14 14 13 13 13 13 13 13 13 13 13 13 13 13 13 16 16 16 16 16 16 16 16 16 16 16 16 16 16 16 16 16 16 
12 12 12 12 12 12 14 14 14 13 13 13 13 13 13 13 13 13 13 13 16 16 16 16 16 16 16 16 16 16 16 16 16 16 16 16 16 16 16 16 
12 12 12 12 12 12 14 14 14 13 13 13 13 13 13 13 13 13 16 16 16 16 16 16 16 16 16 16 16 16 16 16 16 16 16 16 16 16 16 16 
12 12 12 12 12 14 14 14 14 13 13 13 13 13 13 16 16 16 16 16 16 16 16 16 16 16 16 16 16 16 16 16 16 16 16 16 16 16 16 23 
12 12 12 12 12 14 14 14 14 15 15 15 15 15 16 16 16 16 16 16 16 16 16 16 16 16 16 16 16 16 16 16 16 16 16 16 18 23 23 23 
12 12 12 12 14 14 14 14 15 15 15 15 15 16 16 16 16 16 16 16 16 16 16 16 16 16 16 16 16 16 16 16 16 18 18 18 23 23 23 23 
12 12 12 12 14 14 14 15 15 15 15 15 16 16 16 16 16 16 16 16 16 16 16 16 16 16 16 16 16 16 18 18 18 18 20 23 23 23 23 23 
12 12 12 17 17 17 17 17 15 15 15 16 16 16 16 16 16 16 16 16 16 16 16 16 16 16 16 18 18 18 18 18 20 20 23 23 23 23 23 23 
12 12 17 17 17 17 17 17 17 15 16 16 16 16 16 16 16 16 16 16 16 16 16 16 18 18 18 18 18 18 18 20 20 23 23 23 23 23 23 23 
17 17 17 17 17 17 17 17 17 17 16 16 16 16 16 16 16 16 16 16 16 18 18 18 18 18 18 18 18 20 20 20 23 23 23 23 23 23 23 23 
17 17 17 17 17 17 17 17 17 17 16 16 16 16 16 16 16 16 16 18 18 18 18 18 18 18 18 20 20 20 20 23 23 23 23 23 23 23 23 23 
17 17 17 17 17 17 17 17 17 17 16 16 16 16 16 16 18 18 18 18 18 18 18 18 18 20 20 20 20 20 23 23 23 23 23 23 23 23 23 23 
17 17 17 17 17 17 17 17 17 17 16 16 16 18 18 18 18 18 18 18 18 18 18 18 20 20 20 20 20 23 23 23 23 23 23 23 23 23 23 23 
17 17 17 17 17 17 17 17 17 17 18 18 18 18 18 18 18 18 18 18 18 18 20 20 20 20 20 23 23 23 23 23 23 23 23 23 23 23 23 23 
17 17 17 17 17 17 17 17 17 17 18 18 18 18 18 18 18 18 18 18 20 20 20 20 20 20 23 23 23 23 23 23 23 23 23 23 23 23 23 23 
17 17 17 17 17 17 17 17 19 19 18 18 18 18 18 18 18 18 20 20 20 20 20 20 20 23 23 23 23 23 23 23 23 23 23 23 23 23 23 23 
17 17 17 17 17 17 19 19 19 19 18 18 18 18 18 18 18 20 20 20 20 20 20 20 23 23 23 23 23 23 23 23 23 23 23 23 23 23 23 23 
17 17 17 19 19 19 19 19 19 19 19 18 18 18 18 20 20 20 20 20 20 20 20 23 23 23 23 23 23 23 23 23 23 23 23 23 23 23 23 23 
17 19 19 19 19 19 19 19 19 19 19 18 18 20 20 20 20 20 20 20 20 20 23 23 23 23 23 23 23 23 23 23 23 23 23 23 23 23 23 23 
19 19 19 19 19 19 19 19 19 19 19 19 20 20 20 20 20 20 20 20 20 23 23 23 23 23 23 23 23 23 23 23 23 23 23 23 23 23 23 23 
19 19 19 19 19 19 19 19 19 19 19 20 20 20 20 20 20 20 20 20 23 23 23 23 23 23 23 23 23 23 23 23 23 23 23 23 23 23 23 23 
19 19 19 19 19 19 19 19 19 19 19 20 20 20 20 20 20 20 20 23 23 23 23 23 23 23 23 23 23 23 23 23 23 23 23 23 23 23 23 23 
19 19 19 19 19 19 19 19 19 19 19 20 20 20 20 20 20 20 23 23 23 23 23 23 23 23 23 23 23 23 23 23 23 23 23 23 23 23 23 23 
19 19 19 19 19 19 19 19 19 19 19 20 20 20 20 20 20 23 23 23 23 23 23 23 23 23 23 23 23 23 23 23 23 23 23 23 23 23 23 23 
19 19 19 19 19 19 19 22 22 22 22 20 20 20 20 20 23 23 23 23 23 23 23 23 23 23 23 23 23 23 23 23 23 23 23 23 23 23 23 23 
19 19 19 22 22 22 22 22 22 22 22 22 21 21 21 23 23 23 23 23 23 23 23 23 23 23 23 23 23 23 23 23 23 23 23 23 23 23 23 23 
22 22 22 22 22 22 22 22 22 22 22 22 21 21 21 23 23 23 23 23 23 23 23 23 23 23 23 23 23 23 23 23 23 23 23 23 23 23 23 23 
22 22 22 22 22 22 22 22 22 22 22 22 21 21 21 23 23 23 23 23 23 23 23 23 23 23 23 23 23 23 23 23 23 23 23 23 23 23 23 23 
22 22 22 22 22 22 22 22 22 22 22 22 21 21 21 23 23 23 23 23 23 23 23 23 23 23 23 23 23 23 23 23 23 23 23 23 23 23 23 23 
22 22 22 22 22 22 22 22 22 22 22 22 21 21 23 23 23 23 23 23 23 23 23 23 23 23 23 23 23 23 23 23 23 23 23 23 23 23 23 27 
22 22 22 22 22 22 22 22 22 22 22 22 21 21 23 23 23 23 23 23 23 23 23 23 23 23 23 23 23 23 23 23 23 23 23 23 23 27 27 27 
22 22 22 22 22 22 22 22 22 22 22 22 21 21 23 23 23 23 23 23 23 23 23 23 23 23 23 23 23 23 23 23 23 23 23 27 27 27 27 27 
22 22 22 22 22 22 22 22 22 22 22 22 21 21 23 23 23 23 23 23 23 23 23 23 23 23 23 23 23 23 23 23 23 27 27 27 27 27 27 27 
22 22 22 22 22 22 22 22 22 22 22 22 21 24 24 24 24 24 24 24 24 24 24 24 24 24 24 24 24 24 26 26 27 27 27 27 27 27 27 27 
22 22 22 22 22 22 22 22 22 22 25 25 25 24 24 24 24 24 24 24 24 24 24 24 24 24 24 24 26 26 26 27 27 27 27 27 27 27 27 27 
22 22 22 22 22 22 22 22 25 25 25 25 25 24 24 24 24 24 24 24 24 24 24 24 24 24 26 26 26 26 27 27 27 27 27 27 27 27 27 27 
22 22 22 22 22 22 25 25 25 25 25 25 25 24 24 24 24 24 24 24 24 24 24 24 26 26 26 26 26 27 27 27 27 27 27 27 27 27 27 27 
22 22 22 22 25 25 25 25 25 25 25 25 25 25 24 24 24 24 24 24 24 24 26 26 26 26 26 26 27 27 27 27 27 27 27 27 27 27 27 27 
22 22 25 25 25 25 25 25 25 25 25 25 25 25 24 24 24 24 24 24 26 26 26 26 26 26 26 27 27 27 27 27 27 27 27 27 27 27 27 27 
25 25 25 25 25 25 25 25 25 25 25 25 25 25 24 24 24 24 26 26 26 26 26 26 26 26 27 27 27 27 27 27 27 27 27 27 27 27 27 27 
25 25 25 25 25 25 25 25 25 25 25 25 25 25 24 24 26 26 26 26 26 26 26 26 26 27 27 27 27 27 27 27 27 27 27 27 27 27 27 27 
25 25 25 25 25 25 25 25 25 25 25 25 25 25 26 26 26 26 26 26 26 26 26 26 27 27 27 27 27 27 27 27 27 27 27 27 27 27 27 27 
25 25 25 25 25 25 25 25 25 25 25 25 25 25 26 26 26 26 26 26 26 26 26 27 27 27 27 27 27 27 27 27 27 27 27 27 27 27 27 27 
25 25 25 25 25 25 25 25 25 25 25 25 25 25 26 26 26 26 26 26 26 26 27 27 27 27 27 27 27 27 27 27 27 27 27 27 27 27 27 27 
25 25 25 25 25 25 25 25 25 25 25 25 25 25 26 26 26 26 26 26 26 27 27 27 27 27 27 27 27 27 27 27 27 27 27 27 27 27 27 27 
25 25 25 25 25 25 25 25 25 25 25 25 25 26 26 26 26 26 26 26 27 27 27 27 27 27 27 27 27 27 27 27 27 27 27 27 27 27 27 27 
25 25 25 25 25 25 25 25 25 25 25 25 28 28 26 26 26 26 26 27 27 27 27 27 27 27 27 27 27 27 27 27 27 27 27 27 27 27 27 27 
25 25 25 25 25 25 25 25 25 25 28 28 28 28 28 26 26 26 27 27 27 27 27 27 27 27 27 27 27 27 27 27 27 27 27 27 27 27 27 27 
25 25 25 25 25 25 25 25 25 28 28 28 28 28 28 28 26 27 27 27 27 27 27 27 27 27 27 27 27 27 27 27 27 27 27 27 27 27 27 27 
25 25 25 25 25 25 25 28 28 28 28 28 28 28 28 28 28 27 27 27 27 27 27 27 27 27 27 27 27 27 27 27 27 27 27 27 27 27 27 29 
25 25 25 25 25 25 28 28 28 28 28 28 28 28 28 28 28 27 27 27 27 27 27 27 27 27 27 27 27 27 27 27 27 27 27 29 29 29 29 29 
25 25 25 25 28 28 28 28 28 28 28 28 28 28 28 28 28 27 27 27 27 27 27 27 27 27 27 27 27 27 27 29 29 29 29 29 29 29 29 29 
25 25 25 28 28 28 28 28 28 28 28 28 28 28 28 28 28 27 27 27 27 27 27 27 27 27 27 27 29 29 29 29 29 29 29 29 29 29 31 31 
25 28 28 28 28 28 28 28 28 28 28 28 28 28 28 28 28 27 27 27 27 27 27 27 29 29 29 29 29 29 29 29 29 29 29 29 31 31 31 31 
28 28 28 28 28 28 28 28 28 28 28 28 28 28 28 28 28 27 27 27 29 29 29 29 29 29 29 29 29 29 29 29 29 29 29 31 31 31 31 31 
28 28 28 28 28 28 28 28 28 28 28 28 28 28 28 28 28 29 29 29 29 29 29 29 29 29 29 29 29 29 29 29 29 31 31 31 31 31 31 31 
28 28 28 28 28 28 28 28 28 28 28 28 28 28 28 28 28 29 29 29 29 29 29 29 29 29 29 29 29 29 29 29 31 31 31 31 31 31 31 31 
28 28 28 28 28 28 28 28 28 28 28 28 28 28 28 28 29 29 29 29 29 29 29 29 29 29 29 29 29 29 31 31 31 31 31 31 31 31 31 31 
28 28 28 28 28 28 28 28 28 28 28 28 28 28 28 30 29 29 29 29 29 29 29 29 29 29 29 29 29 31 31 31 31 31 31 31 31 31 31 31 
28 28 28 28 28 28 28 28 28 28 28 28 30 30 30 30 30 29 29 29 29 29 29 29 29 29 29 31 31 31 31 31 31 31 31 31 31 31 31 31 
28 28 28 28 28 28 28 28 28 28 30 30 30 30 30 30 30 29 29 29 29 29 29 29 29 31 31 31 31 31 31 31 31 31 31 31 31 31 31 31 
28 28 28 28 28 28 28 28 30 30 30 30 30 30 30 30 30 30 29 29 29 29 29 29 31 31 31 31 31 31 31 31 31 31 31 31 31 31 31 31 
28 28 28 28 28 28 30 30 30 30 30 30 30 30 30 30 30 30 30 29 29 29 31 31 31 31 31 31 31 31 31 31 31 31 31 31 31 31 31 31 
28 28 28 30 30 30 30 30 30 30 30 30 30 30 30 30 30 30 30 29 29 31 31 31 31 31 31 31 31 31 31 31 31 31 31 31 31 31 31 31 
28 30 30 30 30 30 30 30 30 30 30 30 30 30 30 30 30 30 30 31 31 31 31 31 31 31 31 31 31 31 31 31 31 31 31 31 31 31 31 31 
30 30 30 30 30 30 30 30 30 30 30 30 30 30 30 30 30 30 30 31 31 31 31 31 31 31 31 31 31 31 31 31 31 31 31 31 31 31 31 31 
30 30 30 30 30 30 30 30 30 30 30 30 30 30 30 30 30 30 30 31 31 31 31 31 31 31 31 31 31 31 31 31 31 31 31 31 31 31 31 31 
30 30 30 30 30 30 30 30 30 30 30 30 30 30 30 30 30 30 30 31 31 31 31 31 31 31 31 31 31 31 31 31 31 31 31 31 31 31 31 31 
30 30 30 30 30 30 30 30 30 30 30 30 30 30 30 30 30 30 30 31 31 31 31 31 31 31 31 31 31 31 31 31 31 31 31 31 31 31 31 31 
30 30 30 30 30 30 30 30 30 30 30 30 30 30 30 30 30 30 31 31 31 31 31 31 31 31 31 31 31 31 31 31 31 31 31 31 31 31 31 31 
30 30 30 30 30 30 30 30 30 30 30 30 30 30 30 30 30 30 31 31 31 31 31 31 31 31 31 31 31 31 31 31 31 31 31 31 31 31 31 31 
30 30 30 30 30 30 30 30 30 30 30 30 30 30 30 30 30 30 31 31 31 31 31 31 31 31 31 31 31 31 31 31 31 31 31 31 31 31 31 31 
30 30 30 30 30 30 30 30 30 30 30 30 30 30 30 30 30 30 31 31 31 31 31 31 31 31 31 31 31 31 31 31 31 31 31 31 31 31 31 31 
