1 1 1 1 1 1 1 2 2 2 3 3 3 3 3 3 3 3 4 4 4 4 4 4 4 4 9 9 9 9 9 9 9 9 9 10 10 10 11 11 11 13 13 13 13 13 13 13 13 13 13 13 13 13 13 13 13 13 13 13 13 17 17 17 17 17 17 17 17 17 17 17 17 17 17 17 17 17 17 17 
1 1 1 1 1 1 2 2 2 3 3 3 3 3 3 3 4 4 4 4 4 4 4 4 4 9 9 9 9 9 9 9 9 9 10 10 10 11 11 11 11 13 13 13 13 13 13 13 13 13 13 13 13 13 13 13 13 13 13 13 17 17 17 17 17 17 17 17 17 17 17 17 17 17 17 17 17 17 17 17 
1 1 1 1 2 2 2 2 3 3 3 3 3 3 3 4 4 4 4 4 4 4 4 4 9 9 9 9 9 9 9 9 9 10 10 10 11 11 11 11 13 13 13 13 13 13 13 13 13 13 13 13 13 13 13 13 13 13 13 17 17 17 17 17 17 17 17 17 17 17 17 17 17 17 17 17 17 17 17 17 
1 1 2 2 2 2 2 3 3 3 3 3 3 3 4 4 4 4 4 4 4 4 4 9 9 9 9 9 9 9 9 10 10 10 10 11 11 11 11 13 13 13 13 13 13 13 13 13 13 13 13 13 13 13 13 13 13 13 17 17 17 17 17 17 17 17 17 17 17 17 17 17 17 17 17 17 17 17 17 18 
2 2 2 2 2 2 3 3 3 3 3 3 3 4 4 4 4 4 4 4 4 9 9 9 9 9 9 9 9 9 10 10 10 10 11 11 11 11 13 13 13 13 13 13 13 13 13 13 13 13 13 13 13 13 13 13 13 17 17 17 17 17 17 17 17 17 17 17 17 17 17 17 17 17 17 17 17 17 18 18 
2 2 2 2 2 3 3 3 3 3 3 3 4 4 4 4 4 4 4 4 9 9 9 9 9 9 9 9 9 10 10 10 10 11 11 11 11 13 13 13 13 13 13 13 13 13 13 13 13 13 13 13 13 13 13 13 17 17 17 17 17 17 17 17 17 17 17 17 17 17 17 17 17 17 17 17 17 18 18 18 
2 2 2 2 3 3 3 3 3 3 3 4 4 4 4 4 4 4 4 9 9 9 9 9 9 9 9 9 10 10 10 10 11 11 11 11 13 13 13 13 13 13 13 13 13 13 13 13 13 13 13 13 13 13 13 17 17 17 17 17 17 17 17 17 17 17 17 17 17 17 17 17 17 17 17 17 18 18 18 18 
2 2 2 3 3 3 3 3 3 3 4 4 4 4 4 4 4 4 9 9 9 9 9 9 9 9 9 10 10 10 10 11 11 11 11 11 13 13 13 13 13 13 13 13 13 13 13 13 13 13 13 13 13 13 17 17 17 17 17 17 17 17 17 17 17 17 17 17 17 17 17 17 17 17 17 18 18 18 18 18 
2 2 3 3 3 3 3 3 3 4 4 4 4 4 4 4 4 9 9 9 9 9 9 9 9 9 10 10 10 10 11 11 11 11 11 13 13 13 13 13 13 13 13 13 13 13 13 13 13 13 13 13 13 17 17 17 17 17 17 17 17 17 17 17 17 17 17 17 17 17 17 17 17 17 18 18 18 18 18 18 
2 3 3 3 3 3 3 3 4 4 4 4 4 4 4 4 9 9 9 9 9 9 9 9 9 10 10 10 10 11 11 11 11 11 13 13 13 13 13 13 13 13 13 13 13 13 13 13 13 13 13 13 17 17 17 17 17 17 17 17 17 17 17 17 17 17 17 17 17 17 17 17 17 18 18 18 18 18 18 18 
3 3 3 3 3 3 3 4 4 4 4 4 4 4 4 9 9 9 9 9 9 9 9 10 10 10 10 10 11 11 11 11 11 13 13 13 13 13 13 13 13 13 13 13 13 13 13 13 13 13 13 17 17 17 17 17 17 17 17 17 17 17 17 17 17 17 17 17 17 17 17 17 18 18 18 18 18 18 18 18 
3 3 3 3 3 3 4 4 4 4 4 4 4 4 9 9 9 9 9 9 9 9 10 10 10 10 10 11 11 11 11 11 13 13 13 13 13 13 13 13 13 13 13 13 13 13 13 13 13 13 17 17 17 17 17 17 17 17 17 17 17 17 17 17 17 17 17 17 17 17 17 18 18 18 18 18 18 18 18 18 
3 3 3 3 3 4 4 4 4 4 4 4 4 9 9 9 9 9 9 9 9 10 10 10 10 10 11 11 11 11 11 13 13 13 13 13 13 13 13 13 13 13 13 13 13 13 13 13 13 17 17 17 17 17 17 17 17 17 17 17 17 17 17 17 17 17 17 17 17 17 18 18 18 18 18 18 18 18 18 18 
3 3 3 3 4 4 4 4 4 4 4 9 9 9 9 9 9 9 9 9 10 10 10 10 10 11 11 11 11 11 11 13 13 13 13 13 13 13 13 13 13 13 13 13 13 13 13 13 17 17 17 17 17 17 17 17 17 17 17 17 17 17 17 17 17 17 17 17 17 18 18 18 18 18 18 18 18 18 18 18 
3 3 3 4 4 4 4 4 4 4 9 9 9 9 9 9 9 9 9 10 10 10 10 10 11 11 11 11 11 11 13 13 13 13 13 13 13 13 13 13 13 13 13 13 13 13 13 17 17 17 17 17 17 17 17 17 17 17 17 17 17 17 17 17 17 17 17 17 18 18 18 18 18 18 18 18 18 18 18 18 
3 3 4 4 4 4 4 4 4 9 9 9 9 9 9 9 9 9 10 10 10 10 10 11 11 11 11 11 11 13 13 13 13 13 13 13 13 13 13 13 13 13 13 13 13 13 17 17 17 17 17 17 17 17 17 17 17 17 17 17 17 17 17 17 17 17 17 18 18 18 18 18 18 18 18 18 18 18 18 18 
4 4 4 4 4 4 4 4 9 9 9 9 9 9 9 9 10 10 10 10 10 10 11 11 11 11 11 11 13 13 13 13 13 13 13 13 13 13 13 13 13 13 13 13 13 17 17 17 17 17 17 17 17 17 17 17 17 17 17 17 17 17 17 17 17 17 18 18 18 18 18 18 18 18 18 18 18 18 18 18 
4 4 4 4 4 4 4 9 9 9 9 9 9 9 9 10 10 10 10 10 10 11 11 11 11 11 11 13 13 13 13 13 13 13 13 13 13 13 13 13 13 13 13 13 17 17 17 17 17 17 17 17 17 17 17 17 17 17 17 17 17 17 17 17 17 18 18 18 18 18 18 18 18 18 18 18 18 18 18 18 
4 4 4 4 4 4 9 9 9 9 9 9 9 9 10 10 10 10 10 10 11 11 11 11 11 11 11 13 13 13 13 13 13 13 13 13 13 13 13 13 13 13 13 17 17 17 17 17 17 17 17 17 17 17 17 17 17 17 17 17 17 17 17 17 18 18 18 18 18 18 18 18 18 18 18 18 18 18 18 22 
4 4 4 4 4 9 9 9 9 9 9 9 9 10 10 10 10 10 10 11 11 11 11 11 11 11 13 13 13 13 13 13 13 13 13 13 13 13 13 13 13 13 17 17 17 17 17 17 17 17 17 17 17 17 17 17 17 17 17 17 17 17 17 18 18 18 18 18 18 18 18 18 18 18 18 18 18 18 22 22 
4 4 4 4 9 9 9 9 9 9 9 9 10 10 10 10 10 10 11 11 11 11 11 11 11 13 13 13 13 13 13 13 13 13 13 13 13 13 13 13 13 17 17 17 17 17 17 17 17 17 17 17 17 17 17 17 17 17 17 17 17 17 18 18 18 18 18 18 18 18 18 18 18 18 18 18 18 22 22 22 
4 4 4 9 9 9 9 9 9 9 9 10 10 10 10 10 10 11 11 11 11 11 11 11 13 13 13 13 13 13 13 13 13 13 13 13 13 13 13 13 17 17 17 17 17 17 17 17 17 17 17 17 17 17 17 17 17 17 17 17 17 18 18 18 18 18 18 18 18 18 18 18 18 18 18 18 22 22 22 22 
4 9 9 9 9 9 9 9 9 10 10 10 10 10 10 10 11 11 11 11 11 11 11 13 13 13 13 13 13 13 13 13 13 13 13 13 13 13 13 17 17 17 17 17 17 17 17 17 17 17 17 17 17 17 17 17 17 17 17 17 18 18 18 18 18 18 18 18 18 18 18 18 18 18 18 22 22 22 22 22 
9 9 9 9 9 9 9 9 10 10 10 10 10 10 10 11 11 11 11 11 11 11 13 13 13 13 13 13 13 13 13 13 13 13 13 13 13 13 17 17 17 17 17 17 17 17 17 17 17 17 17 17 17 17 17 17 17 17 17 18 18 18 18 18 18 18 18 18 18 18 18 18 18 18 22 22 22 22 22 22 
9 9 9 9 9 9 9 10 10 10 10 10 10 10 11 11 11 11 11 11 11 12 13 13 13 13 13 13 13 13 13 13 13 13 13 13 13 13 17 17 17 17 17 17 17 17 17 17 17 17 17 17 17 17 17 17 17 17 18 18 18 18 18 18 18 18 18 18 18 18 18 18 18 22 22 22 22 22 22 22 
9 9 9 9 9 9 10 10 10 10 10 10 10 11 11 11 11 11 11 11 12 13 13 13 13 13 13 13 13 13 13 13 13 13 13 13 13 17 17 17 17 17 17 17 17 17 17 17 17 17 17 17 17 17 17 17 17 18 18 18 18 18 18 18 18 18 18 18 18 18 18 18 22 22 22 22 22 22 22 22 
9 9 9 9 9 10 10 10 10 10 10 10 11 11 11 11 11 11 11 12 13 13 13 13 13 13 13 13 13 13 13 13 13 13 13 13 17 17 17 17 17 17 17 17 17 17 17 17 17 17 17 17 17 17 17 17 18 18 18 18 18 18 18 18 18 18 18 18 18 18 18 18 22 22 22 22 22 22 22 22 
9 9 9 9 10 10 10 10 10 10 10 11 11 11 11 11 11 11 12 12 13 13 13 13 13 13 13 13 13 13 13 13 13 13 13 17 17 17 17 17 17 17 17 17 17 17 17 17 17 17 17 17 17 17 17 18 18 18 18 18 18 18 18 18 18 18 18 18 18 18 18 22 22 22 22 22 22 22 22 22 
9 9 9 10 10 10 10 10 10 10 11 11 11 11 11 11 11 12 12 13 13 13 13 13 13 13 13 13 13 13 13 13 13 13 17 17 17 17 17 17 17 17 17 17 17 17 17 17 17 17 17 17 17 17 18 18 18 18 18 18 18 18 18 18 18 18 18 18 18 18 22 22 22 22 22 22 22 22 22 22 
9 10 10 10 10 10 10 10 10 11 11 11 11 11 11 11 12 12 13 13 13 13 13 13 13 13 13 13 13 13 13 13 13 17 17 17 17 17 17 17 17 17 17 17 17 17 17 17 17 17 17 17 17 18 18 18 18 18 18 18 18 18 18 18 18 18 18 18 18 22 22 22 22 22 22 22 22 22 22 22 
10 10 10 10 10 10 10 10 11 11 11 11 11 11 11 12 12 12 13 13 13 13 13 13 13 13 13 13 13 13 13 13 17 17 17 17 17 17 17 17 17 17 17 17 17 17 17 17 17 17 17 17 18 18 18 18 18 18 18 18 18 18 18 18 18 18 18 18 22 22 22 22 22 22 22 22 22 22 22 22 
10 10 10 10 10 10 10 11 11 11 11 11 11 11 12 12 12 13 13 13 13 13 13 13 13 13 13 13 13 13 13 17 17 17 17 17 17 17 17 17 17 17 17 17 17 17 17 17 17 17 17 18 18 18 18 18 18 18 18 18 18 18 18 18 18 18 18 22 22 22 22 22 22 22 22 22 22 22 22 22 
10 10 10 10 10 10 11 11 11 11 11 11 11 12 12 12 13 13 13 13 13 13 13 13 13 13 13 13 13 13 17 17 17 17 17 17 17 17 17 17 17 17 17 17 17 17 17 17 17 17 18 18 18 18 18 18 18 18 18 18 18 18 18 18 18 18 22 22 22 22 22 22 22 22 22 22 22 22 22 22 
10 10 10 10 10 11 11 11 11 11 11 11 12 12 12 12 13 13 13 13 13 13 13 13 13 13 13 13 13 17 17 17 17 17 17 17 17 17 17 17 17 17 17 17 17 17 17 17 17 6 18 18 18 18 18 18 18 18 18 18 18 18 18 18 18 22 22 22 22 22 22 22 22 22 22 22 22 22 22 22 
10 10 10 10 11 11 11 11 11 11 11 12 12 12 12 13 13 13 13 13 13 13 13 13 13 13 13 13 17 17 17 17 17 17 17 17 17 17 17 17 17 17 17 17 17 17 17 6 6 18 18 18 18 18 18 18 18 18 18 18 18 18 18 18 22 22 22 22 22 22 22 22 22 22 22 22 22 22 22 22 
10 10 10 11 11 11 11 11 11 11 12 12 12 12 13 13 13 13 13 13 13 13 13 13 13 13 13 17 17 17 17 17 17 17 17 17 17 17 17 17 17 17 17 17 17 17 6 6 18 18 18 18 18 18 18 18 18 18 18 18 18 18 18 18 22 22 22 22 22 22 22 22 22 22 22 22 22 22 22 22 
10 10 11 11 11 11 11 11 11 12 12 12 12 12 13 13 13 13 13 13 13 13 13 13 13 13 17 17 17 17 17 17 17 17 17 17 17 17 17 17 17 17 17 17 17 6 6 18 18 18 18 18 18 18 18 18 18 18 18 18 18 18 18 22 22 22 22 22 22 22 22 22 22 22 22 22 22 22 22 22 
10 11 11 11 11 11 11 11 12 12 12 12 12 13 13 13 13 13 13 13 13 13 13 13 13 17 17 17 17 17 17 17 17 17 17 17 17 17 17 17 17 17 17 17 6 6 18 18 18 18 18 18 18 18 18 18 18 18 18 18 18 18 22 22 22 22 22 22 22 22 22 22 22 22 22 22 22 22 22 22 
11 11 11 11 11 11 12 12 12 12 12 12 13 13 13 13 13 13 13 13 13 13 13 13 17 17 17 17 17 17 17 17 17 17 17 17 17 17 17 17 17 17 17 6 6 18 18 18 18 18 18 18 18 18 18 18 18 18 18 18 18 22 22 22 22 22 22 22 22 22 22 22 22 22 22 22 22 22 22 22 
11 11 11 11 11 12 12 12 12 12 12 13 13 13 13 13 13 13 13 13 13 13 13 17 17 17 17 17 17 17 17 17 17 17 17 17 17 17 17 17 17 17 6 6 6 18 18 18 18 18 18 18 18 18 18 18 18 18 18 18 22 22 22 22 22 22 22 22 22 22 22 22 22 22 22 22 22 22 22 22 
11 11 11 11 12 12 12 12 12 12 12 13 13 13 13 13 13 13 13 13 13 13 17 17 17 17 17 17 17 17 17 17 17 17 17 17 17 17 17 17 17 6 6 6 18 18 18 18 18 18 18 18 18 18 18 18 18 18 18 22 22 22 22 22 22 22 22 22 22 22 22 22 22 22 22 22 22 22 22 22 
14 14 11 12 12 12 12 12 12 12 13 13 13 13 13 13 13 13 13 13 13 17 17 17 17 17 17 17 17 17 17 17 17 17 17 17 17 17 17 6 6 6 6 18 18 18 18 18 18 18 18 18 18 18 18 18 18 18 22 22 22 22 22 22 22 22 22 22 22 22 22 22 22 22 22 22 22 22 22 22 
14 14 14 14 12 12 12 12 12 13 13 13 13 13 13 13 13 13 13 13 17 17 17 17 17 17 17 17 17 17 17 17 17 17 17 17 17 17 6 6 6 6 18 18 18 18 18 18 18 18 18 18 18 18 18 18 18 22 22 22 22 22 22 22 22 22 22 22 22 22 22 22 22 22 22 22 22 22 22 22 
14 14 14 14 14 12 12 12 12 13 13 13 13 13 13 13 13 13 13 17 17 17 17 17 17 17 17 17 17 17 17 17 17 17 17 17 17 6 6 6 6 18 18 18 18 18 18 18 18 18 18 18 18 18 18 18 22 22 22 22 22 22 22 22 22 22 22 22 22 22 22 22 22 22 22 22 22 22 22 22 
14 14 14 14 14 14 12 12 13 13 13 13 13 13 13 13 13 13 17 17 17 17 17 17 17 17 17 17 17 17 17 17 17 17 17 17 6 6 6 6 6 18 18 18 18 18 18 18 18 18 18 18 18 18 18 18 22 22 22 22 22 22 22 22 22 22 22 22 22 22 22 22 22 22 22 22 22 22 22 22 
14 14 14 14 14 14 14 13 13 13 13 13 13 13 13 13 13 17 17 17 17 17 17 17 17 17 17 17 17 17 17 17 17 17 5 6 6 6 6 6 18 18 18 18 18 18 18 18 18 18 18 18 18 18 18 22 22 22 22 22 22 22 22 22 22 22 22 22 22 22 22 22 22 22 22 22 22 22 22 22 
14 14 14 14 14 14 14 13 13 13 13 13 13 13 13 13 17 17 17 17 17 17 17 17 17 17 17 17 17 17 17 17 17 5 5 6 6 6 6 18 18 18 18 18 18 18 18 18 18 18 18 18 18 18 22 22 22 22 22 22 22 22 22 22 22 22 22 22 22 22 22 22 22 22 22 22 22 22 22 22 
14 14 14 14 14 14 14 13 13 13 13 13 13 13 13 17 17 17 17 17 17 17 17 17 17 17 17 17 17 17 17 5 5 5 6 6 6 6 18 18 18 18 18 18 18 18 18 18 18 18 18 18 18 22 22 22 22 22 22 22 22 22 22 22 22 22 22 22 22 22 22 22 22 22 22 22 22 22 22 22 
14 14 14 14 14 14 14 14 13 13 13 13 13 13 17 17 17 17 17 17 17 17 17 17 17 17 17 17 17 17 5 5 5 6 6 6 6 18 18 18 18 18 18 18 18 18 18 18 18 18 18 18 22 22 22 22 22 22 22 22 22 22 22 22 22 22 22 22 22 22 22 22 22 22 22 22 22 22 22 23 
14 14 14 14 14 14 14 14 13 13 13 13 13 17 17 17 17 17 17 17 17 17 17 17 17 17 17 17 17 5 5 5 6 6 6 6 6 18 18 18 18 18 18 18 18 18 18 18 18 18 18 22 22 22 22 22 22 22 22 22 22 22 22 22 22 22 22 22 22 22 22 22 22 22 22 22 22 22 23 23 
14 14 14 14 14 14 14 14 13 13 13 13 17 17 17 17 17 17 17 17 17 17 17 17 17 17 17 5 5 5 5 6 6 6 6 6 18 18 18 18 18 18 18 18 18 18 18 18 18 18 22 22 22 22 22 22 22 22 22 22 22 22 22 22 22 22 22 22 22 22 22 22 22 22 22 22 22 23 23 23 
14 14 14 14 14 14 14 14 16 16 16 17 17 17 17 17 17 17 17 17 17 17 17 17 17 17 5 5 5 5 6 6 6 6 6 18 18 18 18 18 18 18 18 18 18 18 18 18 18 22 22 22 22 22 22 22 22 22 22 22 22 22 22 22 22 22 22 22 22 22 22 22 22 22 22 22 23 23 23 23 
14 14 14 14 14 14 14 16 16 16 16 17 17 17 17 17 17 17 17 17 17 17 17 17 5 5 5 5 5 6 6 6 6 6 18 18 18 18 18 18 18 18 18 18 18 18 18 18 18 22 22 22 22 22 22 22 22 22 22 22 22 22 22 22 22 22 22 22 22 22 22 22 22 22 22 23 23 23 23 23 
14 14 14 14 14 14 14 16 16 16 16 17 17 17 17 17 17 17 17 17 17 17 17 5 5 5 5 5 6 6 6 6 6 18 18 18 18 18 18 18 18 18 18 18 18 18 18 18 22 22 22 22 22 22 22 22 22 22 22 22 22 22 22 22 22 22 22 22 22 22 22 22 22 22 23 23 23 23 23 23 
14 14 14 14 14 14 14 16 16 16 16 17 17 17 17 17 17 17 17 17 17 17 5 5 5 5 5 6 6 6 6 6 6 18 18 18 18 18 18 18 18 18 18 18 18 18 18 22 22 22 22 22 22 22 22 22 22 22 22 22 22 22 22 22 22 22 22 22 22 22 22 22 23 23 23 23 23 23 23 23 
14 14 14 14 14 14 16 16 16 16 17 17 17 17 17 17 17 17 17 17 5 5 5 5 5 5 6 6 6 6 6 6 18 18 18 18 18 18 18 18 18 18 18 18 18 18 22 22 22 22 22 22 22 22 22 22 22 22 22 22 22 22 22 22 22 22 22 22 22 22 22 23 23 23 23 23 23 23 23 26 
14 14 14 14 14 14 16 16 16 16 17 17 17 17 17 17 17 17 17 5 5 5 5 5 5 6 6 6 6 6 6 18 18 18 18 18 18 18 18 18 18 18 18 18 18 22 22 22 22 22 22 22 22 22 22 22 22 22 22 22 22 22 22 22 22 22 22 22 22 22 23 23 23 23 23 23 23 23 26 26 
14 14 14 14 14 14 16 16 16 16 17 17 17 17 17 17 17 5 5 5 5 5 5 5 6 6 6 6 6 6 18 18 18 18 18 18 18 18 18 18 18 18 18 18 22 22 22 22 22 22 22 22 22 22 22 22 22 22 22 22 22 22 22 22 22 22 22 22 22 23 23 23 23 23 23 23 23 26 26 26 
14 14 14 14 14 16 16 16 16 16 17 17 17 17 17 17 5 5 5 5 5 5 5 6 6 6 6 6 6 18 18 18 18 18 18 18 18 18 18 18 18 18 18 22 22 22 22 22 22 22 22 22 22 22 22 22 22 22 22 22 22 22 22 22 22 22 22 22 23 23 23 23 23 23 23 23 26 26 26 26 
14 14 14 14 14 16 16 16 16 17 17 17 17 17 17 5 5 5 5 5 5 5 6 6 6 6 6 6 6 18 18 18 18 18 18 18 18 18 18 18 18 18 22 22 22 22 22 22 22 22 22 22 22 22 22 22 22 22 22 22 22 22 22 22 22 22 22 23 23 23 23 23 23 23 23 26 26 26 26 26 
14 14 14 14 15 15 15 16 16 17 17 17 17 5 5 5 5 5 5 5 5 6 6 6 6 6 6 6 18 18 18 18 18 18 18 18 18 18 18 18 18 22 22 22 22 22 22 22 22 22 22 22 22 22 22 22 22 22 22 22 22 22 22 22 22 23 23 23 23 23 23 23 23 23 26 26 26 26 26 26 
14 14 14 15 15 15 15 15 15 17 17 17 5 5 5 5 5 5 5 5 6 6 6 6 6 6 6 18 18 18 18 18 18 18 18 18 18 18 18 18 18 22 22 22 22 22 22 22 22 22 22 22 22 22 22 22 22 22 22 22 22 22 22 22 23 23 23 23 23 23 23 23 23 26 26 26 26 26 26 26 
14 14 15 15 15 15 15 15 15 15 5 5 5 5 5 5 5 5 5 6 6 6 6 6 6 6 18 18 18 18 18 18 18 18 18 18 18 18 18 18 22 22 22 22 22 22 22 22 22 22 22 22 22 22 22 22 22 22 22 22 22 22 22 23 23 23 23 23 23 23 23 23 26 26 26 26 26 26 26 26 
15 15 15 15 15 15 15 15 15 15 5 5 5 5 5 5 5 5 6 6 6 6 6 6 6 18 18 18 18 18 18 18 18 18 18 18 18 18 18 22 22 22 22 22 22 22 22 22 22 22 22 22 22 22 22 22 22 22 22 22 22 22 23 23 23 23 23 23 23 23 23 26 26 26 26 26 26 26 26 26 
15 15 15 15 15 15 15 15 15 15 5 5 5 5 5 5 5 6 6 6 6 6 6 6 18 18 18 18 18 18 18 18 18 18 18 18 18 18 22 22 22 22 22 22 22 22 22 22 22 22 22 22 22 22 22 22 22 22 22 22 22 23 23 23 23 23 23 23 23 23 26 26 26 26 26 26 26 26 26 26 
15 15 15 15 15 15 15 15 15 15 5 5 5 5 5 5 5 6 6 6 6 6 6 6 18 18 18 18 18 18 18 18 18 18 18 18 18 22 22 22 22 22 22 22 22 22 22 22 22 22 22 22 22 22 22 22 22 22 22 22 23 23 23 23 23 23 23 23 23 26 26 26 26 26 26 26 26 26 26 26 
15 15 15 15 15 15 15 15 15 15 15 5 5 5 5 5 6 6 6 6 6 6 6 18 18 18 18 18 18 18 18 18 18 18 18 18 22 22 22 22 22 22 22 22 22 22 22 22 22 22 22 22 22 22 22 22 22 22 23 23 23 23 23 23 23 23 23 23 26 26 26 26 26 26 26 26 26 26 26 26 
15 15 15 15 15 15 15 15 15 15 15 5 5 5 5 6 6 6 6 6 6 6 18 18 18 18 18 18 18 18 18 18 18 18 18 22 22 22 22 22 22 22 22 22 22 22 22 22 22 22 22 22 22 22 22 22 22 23 23 23 23 23 23 23 23 23 23 26 26 26 26 26 26 26 26 26 26 26 26 26 
15 15 15 15 15 15 15 15 15 15 15 5 5 5 6 6 6 6 6 6 6 18 18 18 18 18 18 18 18 18 18 18 18 18 22 22 22 22 22 22 22 22 22 22 22 22 22 22 22 22 22 22 22 22 22 22 23 23 23 23 23 23 23 23 23 23 26 26 26 26 26 26 26 26 26 26 26 26 26 26 
15 15 15 15 15 15 15 15 15 15 15 5 5 6 6 6 6 6 6 6 18 18 18 18 18 18 18 18 18 18 18 18 18 22 22 22 22 22 22 22 22 22 22 22 22 22 22 22 22 22 22 22 22 22 22 23 23 23 23 23 23 23 23 23 23 26 26 26 26 26 26 26 26 26 26 26 26 26 26 26 
15 15 15 15 15 15 15 15 15 15 15 5 6 6 6 6 6 6 6 6 18 18 18 18 18 18 18 18 18 18 18 18 18 22 22 22 22 22 22 22 22 22 22 22 22 22 22 22 22 22 22 22 22 22 23 23 23 23 23 23 23 23 23 23 26 26 26 26 26 26 26 26 26 26 26 26 26 26 26 26 
15 15 15 15 15 15 15 15 15 15 15 6 6 6 6 6 6 6 6 18 18 18 18 18 18 18 18 18 18 18 18 18 22 22 22 22 22 22 22 22 22 22 22 22 22 22 22 22 22 22 22 22 22 23 23 23 23 23 23 23 23 23 23 26 26 26 26 26 26 26 26 26 26 26 26 26 26 26 26 26 
15 15 15 15 15 15 15 15 15 15 15 6 6 6 6 6 6 6 18 18 18 18 18 18 18 18 18 18 18 18 18 22 22 22 22 22 22 22 22 22 22 22 22 22 22 22 22 22 22 22 22 23 23 23 23 23 23 23 23 23 23 23 26 26 26 26 26 26 26 26 26 26 26 26 26 26 26 26 26 26 
15 15 15 15 15 15 15 15 15 15 19 19 6 6 6 6 6 18 18 18 18 18 18 18 18 18 18 18 18 18 22 22 22 22 22 22 22 22 22 22 22 22 22 22 22 22 22 22 22 22 23 23 23 23 23 23 23 23 23 23 23 26 26 26 26 26 26 26 26 26 26 26 26 26 26 26 26 26 26 26 
15 15 15 15 15 15 15 15 15 19 19 19 6 6 6 6 18 18 18 18 18 18 18 18 18 18 18 18 18 22 22 22 22 22 22 22 22 22 22 22 22 22 22 22 22 22 22 22 22 23 23 23 23 23 23 23 23 23 23 23 26 26 26 26 26 26 26 26 26 26 26 26 26 26 26 26 26 26 26 26 
15 15 15 15 15 15 15 15 19 19 19 19 19 6 6 6 18 18 18 18 18 18 18 18 18 18 18 18 22 22 22 22 22 22 22 22 22 22 22 22 22 22 22 22 22 22 22 22 23 23 23 23 23 23 23 23 23 23 23 26 26 26 26 26 26 26 26 26 26 26 26 26 26 26 26 26 26 26 26 26 
15 15 15 15 15 15 15 15 19 19 19 19 19 6 6 18 18 18 18 18 18 18 18 18 18 18 18 22 22 22 22 22 22 22 22 22 22 22 22 22 22 22 22 22 22 22 22 23 23 23 23 23 23 23 23 23 23 23 26 26 26 26 26 26 26 26 26 26 26 26 26 26 26 26 26 26 26 26 26 26 
15 15 15 15 15 15 15 19 19 19 19 19 19 19 18 18 18 18 18 18 18 18 18 18 18 18 22 22 22 22 22 22 22 22 22 22 22 22 22 22 22 22 22 22 22 22 23 23 23 23 23 23 23 23 23 23 23 26 26 26 26 26 26 26 26 26 26 26 26 26 26 26 26 26 26 26 26 26 26 26 
15 15 15 15 15 15 19 19 19 19 19 19 19 19 18 18 18 18 18 18 18 18 18 18 18 22 22 22 22 22 22 22 22 22 22 22 22 22 22 22 22 22 22 22 23 23 23 23 23 23 23 23 23 23 23 23 26 26 26 26 26 26 26 26 26 26 26 26 26 26 26 26 26 26 26 26 26 26 26 26 
15 15 15 15 15 19 19 19 19 19 19 19 19 19 18 18 18 18 18 18 18 18 18 18 7 22 22 22 22 22 22 22 22 22 22 22 22 22 22 22 22 22 22 23 23 23 23 23 23 23 23 23 23 23 23 23 26 26 26 26 26 26 26 26 26 26 26 26 26 26 26 26 26 26 26 26 26 26 26 26 
15 15 15 15 15 19 19 19 19 19 19 19 19 19 18 18 18 18 18 18 18 18 7 7 22 22 22 22 22 22 22 22 22 22 22 22 22 22 22 22 22 22 23 23 23 23 23 23 23 23 23 23 23 23 23 26 26 26 26 26 26 26 26 26 26 26 26 26 26 26 26 26 26 26 26 26 26 26 26 26 
15 15 15 15 19 19 19 19 19 19 19 19 19 19 18 18 18 18 18 18 18 7 7 7 22 22 22 22 22 22 22 22 22 22 22 22 22 22 22 22 22 23 23 23 23 23 23 23 23 23 23 23 23 23 26 26 26 26 26 26 26 26 26 26 26 26 26 26 26 26 26 26 26 26 26 26 26 26 26 26 
15 15 15 19 19 19 19 19 19 19 19 19 19 19 18 18 18 18 18 7 7 7 7 22 22 22 22 22 22 22 22 22 22 22 22 22 22 22 22 22 23 23 23 23 23 23 23 23 23 23 23 23 23 26 26 26 26 26 26 26 26 26 26 26 26 26 26 26 26 26 26 26 26 26 26 26 26 26 26 26 
15 15 19 19 19 19 19 19 19 19 19 19 19 19 18 18 18 18 7 7 7 7 7 22 22 22 22 22 22 22 22 22 22 22 22 22 22 22 22 23 23 23 23 23 23 23 23 23 23 23 23 23 26 26 26 26 26 26 26 26 26 26 26 26 26 26 26 26 26 26 26 26 26 26 26 26 26 26 26 26 
15 15 19 19 19 19 19 19 19 19 19 19 20 20 18 18 7 7 7 7 7 7 22 22 22 22 22 22 22 22 22 22 22 22 22 22 22 23 23 23 23 23 23 23 23 23 23 23 23 23 23 26 26 26 26 26 26 26 26 26 26 26 26 26 26 26 26 26 26 26 26 26 26 26 26 26 26 26 26 0 
15 19 19 19 19 19 19 19 19 19 20 20 20 20 20 7 7 7 7 7 7 7 22 22 22 22 22 22 22 22 22 22 22 22 22 22 23 23 23 23 23 23 23 23 23 23 23 23 23 23 26 26 26 26 26 26 26 26 26 26 26 26 26 26 26 26 26 26 26 26 26 26 26 26 26 26 26 26 0 0 
19 19 19 19 19 19 19 19 20 20 20 20 20 20 20 7 7 7 7 7 7 22 22 22 22 22 22 22 22 22 22 22 22 22 22 23 23 23 23 23 23 23 23 23 23 23 23 23 23 26 26 26 26 26 26 26 26 26 26 26 26 26 26 26 26 26 26 26 26 26 26 26 26 26 26 26 26 0 0 0 
19 19 19 19 19 19 20 20 20 20 20 20 20 20 20 7 7 7 7 7 22 22 22 22 22 22 22 22 22 22 22 22 22 22 23 23 23 23 23 23 23 23 23 23 23 23 23 23 26 26 26 26 26 26 26 26 26 26 26 26 26 26 26 26 26 26 26 26 26 26 26 26 26 26 26 26 0 0 0 0 
19 19 19 19 20 20 20 20 20 20 20 20 20 20 20 7 7 7 7 7 22 22 22 22 22 22 22 22 22 22 22 22 22 23 23 23 23 23 23 23 23 23 23 23 23 23 23 26 26 26 26 26 26 26 26 26 26 26 26 26 26 26 26 26 26 26 26 26 26 26 26 26 26 26 26 0 0 0 0 0 
19 19 20 20 20 20 20 20 20 20 20 20 20 20 20 7 7 7 7 22 22 22 22 22 22 22 22 22 22 22 22 22 23 23 23 23 23 23 23 23 23 23 23 23 23 23 26 26 26 26 26 26 26 26 26 26 26 26 26 26 26 26 26 26 26 26 26 26 26 26 26 26 26 26 0 0 0 0 0 0 
20 20 20 20 20 20 20 20 20 20 20 20 20 20 20 7 7 7 7 22 22 22 22 22 22 22 22 22 22 22 23 23 23 23 23 23 23 23 23 23 23 23 23 23 23 26 26 26 26 26 26 26 26 26 26 26 26 26 26 26 26 26 26 26 26 26 26 26 26 26 26 26 26 0 0 0 0 0 0 0 
20 20 20 20 20 20 20 20 20 20 20 20 20 20 20 7 7 7 22 22 22 22 22 22 22 22 22 22 22 23 23 23 23 23 23 23 23 23 23 23 23 23 23 23 26 26 26 26 26 26 26 26 26 26 26 26 26 26 26 26 26 26 26 26 26 26 26 26 26 26 26 0 0 0 0 0 0 0 0 0 
20 20 20 20 20 20 20 20 20 20 20 20 20 20 20 7 7 7 22 22 22 22 22 22 22 22 22 22 23 23 23 23 23 23 23 23 23 23 23 23 23 23 23 26 26 26 26 26 26 26 26 26 26 26 26 26 26 26 26 26 26 26 26 26 26 26 26 26 26 26 0 0 0 0 0 0 0 0 0 0 
20 20 20 20 20 20 20 20 20 20 20 20 20 20 20 7 7 22 22 22 22 22 22 22 22 22 22 23 23 23 23 23 23 23 23 23 23 23 23 23 23 23 26 26 26 26 26 26 26 26 26 26 26 26 26 26 26 26 26 26 26 26 26 26 26 26 26 26 26 0 0 0 0 0 0 0 0 0 0 0 
20 20 20 20 20 20 20 20 20 20 20 20 20 20 20 21 21 22 22 22 22 22 22 22 22 22 23 23 23 23 23 23 23 23 23 23 23 23 23 23 23 26 26 26 26 26 26 26 26 26 26 26 26 26 26 26 26 26 26 26 26 26 26 26 26 26 26 26 0 0 0 0 0 0 0 0 0 0 0 0 
20 20 20 20 20 20 20 20 20 20 20 20 20 20 21 21 21 22 22 22 22 22 22 22 22 23 23 23 23 23 23 23 23 23 23 23 23 23 23 23 26 26 26 26 26 26 26 26 26 26 26 26 26 26 26 26 26 26 26 26 26 26 26 26 26 26 26 0 0 0 0 0 0 0 0 0 0 0 0 0 
20 20 20 20 20 20 20 20 20 20 20 20 20 20 21 21 21 21 22 22 22 22 22 23 23 23 23 23 23 23 23 23 23 23 23 23 23 23 23 26 26 26 26 26 26 26 26 26 26 26 26 26 26 26 26 26 26 26 26 26 26 26 26 26 26 26 0 0 0 0 0 0 0 0 0 0 0 0 0 0 
30 30 30 30 30 30 30 20 20 20 20 20 20 21 21 21 21 21 22 22 22 22 23 23 23 23 23 23 23 23 23 23 23 23 23 23 23 23 26 26 26 26 26 26 26 26 26 26 26 26 26 26 26 26 26 26 26 26 26 26 26 26 26 26 26 0 0 0 0 0 0 0 0 0 0 0 0 0 0 0 
30 30 30 30 30 30 30 30 30 30 30 30 30 21 21 21 21 21 22 22 22 23 23 23 23 23 23 23 23 23 23 23 23 23 23 23 23 26 26 26 26 26 26 26 26 26 26 26 26 26 26 26 26 26 26 26 26 26 26 26 26 26 26 26 0 0 0 0 0 0 0 0 0 0 0 0 0 0 0 0 
30 30 30 30 30 30 30 30 30 30 30 30 30 30 21 21 21 21 21 22 23 23 23 23 23 23 23 23 23 23 23 23 23 23 23 23 26 26 26 26 26 26 26 26 26 26 26 26 26 26 26 26 26 26 26 26 26 26 26 26 26 26 27 0 0 0 0 0 0 0 0 0 0 0 0 0 0 0 0 0 
30 30 30 30 30 30 30 30 30 30 30 30 30 30 21 21 21 21 21 23 23 23 23 23 23 23 23 23 23 23 23 23 23 23 23 26 26 26 26 26 26 26 26 26 26 26 26 26 26 26 26 26 26 26 26 26 26 26 26 26 26 27 27 0 0 0 0 0 0 0 0 0 0 0 0 0 0 0 0 0 
30 30 30 30 30 30 30 30 30 30 30 30 30 30 21 21 21 21 21 23 23 23 23 23 23 23 23 23 23 23 23 23 23 23 26 26 26 26 26 26 26 26 26 26 26 26 26 26 26 26 26 26 26 26 26 26 26 26 26 26 27 27 0 0 0 0 0 0 0 0 0 0 0 0 0 0 0 0 0 0 
30 30 30 30 30 30 30 30 30 30 30 30 30 30 30 21 21 21 23 23 23 23 23 23 23 23 23 23 23 23 23 23 23 26 26 26 26 26 26 26 26 26 26 26 26 26 26 26 26 26 26 26 26 26 26 26 26 26 27 27 27 0 0 0 0 0 0 0 0 0 0 0 0 0 0 0 0 0 0 0 
30 30 30 30 30 30 30 30 30 30 30 30 30 30 30 21 21 21 23 23 23 23 23 23 23 23 23 23 23 23 23 23 26 26 26 26 26 26 26 26 26 26 26 26 26 26 26 26 26 26 26 26 26 26 26 26 26 27 27 27 0 0 0 0 0 0 0 0 0 0 0 0 0 0 0 0 0 0 0 0 
30 30 30 30 30 30 30 30 30 30 30 30 30 30 30 21 21 21 23 23 23 23 23 23 23 23 23 23 23 23 25 25 26 26 26 26 26 26 26 26 26 26 26 26 26 26 26 26 26 26 26 26 26 26 26 26 27 27 27 0 0 0 0 0 0 0 0 0 0 0 0 0 0 0 0 0 0 0 0 0 
30 30 30 30 30 30 30 30 30 30 30 30 30 30 30 30 21 24 24 23 23 23 23 23 23 23 23 23 25 25 25 26 26 26 26 26 26 26 26 26 26 26 26 26 26 26 26 26 26 26 26 26 26 26 27 27 27 27 0 0 0 0 0 0 0 0 0 0 0 0 0 0 0 0 0 0 0 0 0 0 
30 30 30 30 30 30 30 30 30 30 30 30 30 30 30 30 24 24 24 23 23 23 23 23 23 23 23 25 25 25 25 26 26 26 26 26 26 26 26 26 26 26 26 26 26 26 26 26 26 26 26 26 26 27 27 27 27 0 0 0 0 0 0 0 0 0 0 0 0 0 0 0 0 0 0 0 0 0 0 0 
30 30 30 30 30 30 30 30 30 30 30 30 30 30 30 30 24 24 24 24 23 23 23 23 23 25 25 25 25 25 26 26 26 26 26 26 26 26 26 26 26 26 26 26 26 26 26 26 26 26 26 26 27 27 27 27 0 0 0 0 0 0 0 0 0 0 0 0 0 0 0 0 0 0 0 0 0 0 0 0 
30 30 30 30 30 30 30 30 30 30 30 30 30 30 30 24 24 24 24 24 23 23 23 25 25 25 25 25 25 26 26 26 26 26 26 26 26 26 26 26 26 26 26 26 26 26 26 26 26 26 26 27 27 27 27 0 0 0 0 0 0 0 0 0 0 0 0 0 0 0 0 0 0 0 0 0 0 0 0 0 
30 30 30 30 30 30 30 30 30 30 30 30 30 30 30 24 24 24 24 24 24 23 25 25 25 25 25 25 25 26 26 26 26 26 26 26 26 26 26 26 26 26 26 26 26 26 26 26 26 27 27 27 27 27 0 0 0 0 0 0 0 0 0 0 0 0 0 0 0 0 0 0 0 0 0 0 0 0 0 0 
30 30 30 30 30 30 30 30 30 30 30 30 30 30 30 24 24 24 24 24 24 25 25 25 25 25 25 25 26 26 26 26 26 26 26 26 26 26 26 26 26 26 26 26 26 26 26 26 27 27 27 27 27 0 0 0 0 0 0 0 0 0 0 0 0 0 0 0 0 0 0 0 0 0 0 0 0 0 0 0 
30 30 30 30 30 30 30 30 30 30 30 30 30 30 30 24 24 24 24 24 24 25 25 25 25 25 25 25 26 26 26 26 26 26 26 26 26 26 26 26 26 26 26 26 26 26 26 27 27 27 27 27 27 0 0 0 0 0 0 0 0 0 0 0 0 0 0 0 0 0 0 0 0 0 0 0 0 0 0 0 
30 30 30 30 30 30 30 30 30 30 30 30 30 30 30 24 24 24 24 24 25 25 25 25 25 25 25 26 26 26 26 26 26 26 26 26 26 26 26 26 26 26 26 26 26 27 27 27 27 27 27 27 0 0 0 0 0 0 0 0 0 0 0 0 0 0 0 0 0 0 0 0 0 0 0 0 0 0 0 0 
30 30 30 30 30 30 30 30 30 30 30 30 30 30 30 24 24 24 24 24 25 25 25 25 25 25 26 26 26 26 26 26 26 26 26 26 26 26 26 26 26 26 26 26 27 27 27 27 27 27 27 0 0 0 0 0 0 0 0 0 0 0 0 0 0 0 0 0 0 0 0 0 0 0 0 0 0 0 0 0 
30 30 30 30 30 30 30 30 30 30 30 30 30 30 31 24 24 24 24 24 25 25 25 25 25 25 26 26 26 26 26 26 26 26 26 26 26 26 26 26 26 26 26 27 27 27 27 27 27 27 0 0 0 0 0 0 0 0 0 0 0 0 0 0 0 0 0 0 0 0 0 0 0 0 0 0 0 0 0 0 
30 30 30 30 30 30 30 30 30 30 30 30 30 31 31 31 31 24 24 24 25 25 25 25 25 26 26 26 26 26 26 26 26 26 26 26 26 26 26 26 26 26 27 27 27 27 27 27 27 0 0 0 0 0 0 0 0 0 0 0 0 0 0 0 0 0 0 0 0 0 0 0 0 0 0 0 0 0 0 0 
30 30 30 30 30 30 30 30 30 30 30 30 30 31 31 31 31 31 24 25 25 25 25 25 25 26 26 26 26 26 26 26 26 26 26 26 26 26 26 26 27 27 27 27 27 27 27 27 0 0 0 0 0 0 0 0 0 0 0 0 0 0 0 0 0 0 0 0 0 0 0 0 0 0 0 0 0 0 0 0 
30 30 30 30 30 30 30 30 30 30 30 30 31 31 31 31 31 31 31 25 25 25 25 25 26 26 26 26 26 26 26 26 26 26 26 26 26 26 26 27 27 27 27 27 27 27 27 0 0 0 0 0 0 0 0 0 0 0 0 0 0 0 0 0 0 0 0 0 0 0 0 0 0 0 0 0 0 0 0 0 
30 30 30 30 30 30 30 30 30 30 30 31 31 31 31 31 31 31 31 25 25 25 25 25 26 26 26 26 26 26 26 26 26 26 26 26 26 26 27 27 27 27 27 27 27 27 0 0 0 0 0 0 0 0 0 0 0 0 0 0 0 0 0 0 0 0 0 0 0 0 0 0 0 0 0 0 0 0 0 0 
30 30 30 30 30 30 30 30 30 30 31 31 31 31 31 31 31 31 31 31 25 25 25 26 26 26 26 26 26 26 26 26 26 26 26 26 27 27 27 27 27 27 27 27 27 0 0 0 0 0 0 0 0 0 0 0 0 0 0 0 0 0 0 0 0 0 0 0 0 0 0 0 0 0 0 0 0 0 0 0 
30 30 30 30 30 30 30 30 30 30 31 31 31 31 31 31 31 31 31 31 25 25 26 26 26 26 26 26 26 26 26 26 26 26 26 27 27 27 27 27 27 27 27 27 0 0 0 0 0 0 0 0 0 0 0 0 0 0 0 0 0 0 0 0 0 0 0 0 0 0 0 0 0 0 0 0 0 0 0 0 
30 30 30 30 30 30 30 30 30 31 31 31 31 31 31 31 31 31 31 31 25 25 26 26 26 26 26 26 26 26 26 26 26 26 27 27 27 27 27 27 27 27 27 0 0 0 0 0 0 0 0 0 0 0 0 0 0 0 0 0 0 0 0 0 0 0 0 0 0 0 0 0 0 0 0 0 0 0 0 0 
30 30 30 30 30 30 30 30 31 31 31 31 31 31 31 31 31 31 31 31 28 28 26 26 26 26 26 26 26 26 26 26 27 27 27 27 27 27 27 27 27 27 27 0 0 0 0 0 0 0 0 0 0 0 0 0 0 0 0 0 0 0 0 0 0 0 0 0 0 0 0 0 0 0 0 0 0 0 0 0 
30 30 30 30 30 30 30 31 31 31 31 31 31 31 31 31 31 31 31 31 28 28 26 26 26 26 26 26 26 26 26 27 27 27 27 27 27 27 27 27 27 27 0 0 0 0 0 0 0 0 0 0 0 0 0 0 0 0 0 0 0 0 0 0 0 0 0 0 0 0 0 0 0 0 0 0 0 0 0 0 
30 30 30 30 30 30 30 31 31 31 31 31 31 31 31 31 31 31 31 31 28 28 28 26 26 26 26 26 26 26 27 27 27 27 27 27 27 27 27 27 27 0 0 0 0 0 0 0 0 0 0 0 0 0 0 0 0 0 0 0 0 0 0 0 0 0 0 0 0 0 0 0 0 0 0 0 0 0 0 0 
30 30 30 30 30 30 31 31 31 31 31 31 31 31 31 31 31 31 31 28 28 28 28 26 26 26 26 26 26 27 27 27 27 27 27 27 27 27 27 27 0 0 0 0 0 0 0 0 0 0 0 0 0 0 0 0 0 0 0 0 0 0 0 0 0 0 0 0 0 0 0 0 0 0 0 0 0 0 0 0 
30 30 30 30 30 31 31 31 31 31 31 31 31 31 31 31 31 31 31 28 28 28 28 26 26 26 26 27 27 27 27 27 27 27 27 27 27 27 27 0 0 0 0 0 0 0 0 0 0 0 0 0 0 0 0 0 0 0 0 0 0 0 0 0 0 0 0 0 0 0 0 0 0 0 0 0 0 0 0 0 
30 30 30 30 31 31 31 31 31 31 31 31 31 31 31 31 31 31 31 28 28 28 28 28 26 26 27 27 27 27 27 27 27 27 27 27 27 27 0 0 0 0 0 0 0 0 0 0 0 0 0 0 0 0 0 0 0 0 0 0 0 0 0 0 0 0 0 0 0 0 0 0 0 0 0 0 0 0 0 0 
30 30 30 30 31 31 31 31 31 31 31 31 31 31 31 31 31 31 28 28 28 28 28 28 26 27 27 27 27 27 27 27 27 27 27 27 27 0 0 0 0 0 0 0 0 0 0 0 0 0 0 0 0 0 0 0 0 0 0 0 0 0 0 0 0 0 0 0 0 0 0 0 0 0 0 0 0 0 0 0 
30 30 30 31 31 31 31 31 31 31 31 31 31 31 31 31 31 31 28 28 28 28 28 28 27 27 27 27 27 27 27 27 27 27 27 27 0 0 0 0 0 0 0 0 0 0 0 0 0 0 0 0 0 0 0 0 0 0 0 0 0 0 0 0 0 0 0 0 0 0 0 0 0 0 0 0 0 0 0 0 
30 30 31 31 31 31 31 31 31 31 31 31 31 31 31 31 31 31 28 28 28 28 28 28 27 27 27 27 27 27 27 27 27 27 27 0 0 0 0 0 0 0 0 0 0 0 0 0 0 0 0 0 0 0 0 0 0 0 0 0 0 0 0 0 0 0 0 0 0 0 0 0 0 0 0 0 0 0 0 0 
30 31 31 31 31 31 31 31 31 31 31 31 31 31 31 31 8 8 28 28 28 28 28 28 27 27 27 27 27 27 27 27 27 27 0 0 0 0 0 0 0 0 0 0 0 0 0 0 0 0 0 0 0 0 0 0 0 0 0 0 0 0 0 0 0 0 0 0 0 0 0 0 0 0 0 0 0 0 0 0 
30 31 31 31 31 31 31 31 31 31 31 31 31 31 8 8 8 8 8 28 28 28 28 28 27 27 27 27 27 27 27 27 27 0 0 0 0 0 0 0 0 0 0 0 0 0 0 0 0 0 0 0 0 0 0 0 0 0 0 0 0 0 0 0 0 0 0 0 0 0 0 0 0 0 0 0 0 0 0 0 
31 31 31 31 31 31 31 31 31 31 31 31 8 8 8 8 8 8 8 8 28 28 28 28 27 27 27 27 27 27 27 27 27 0 0 0 0 0 0 0 0 0 0 0 0 0 0 0 0 0 0 0 0 0 0 0 0 0 0 0 0 0 0 0 0 0 0 0 0 0 0 0 0 0 0 0 0 0 0 0 
31 31 31 31 31 31 31 31 31 31 8 8 8 8 8 8 8 8 8 8 8 28 28 27 27 27 27 27 27 27 27 27 0 0 0 0 0 0 0 0 0 0 0 0 0 0 0 0 0 0 0 0 0 0 0 0 0 0 0 0 0 0 0 0 0 0 0 0 0 0 0 0 0 0 0 0 0 0 0 0 
31 31 31 31 31 31 31 31 31 8 8 8 8 8 8 8 8 8 8 8 8 28 28 27 27 27 27 27 27 27 27 0 0 0 0 0 0 0 0 0 0 0 0 0 0 0 0 0 0 0 0 0 0 0 0 0 0 0 0 0 0 0 0 0 0 0 0 0 0 0 0 0 0 0 0 0 0 0 0 0 
31 31 31 31 31 31 31 8 8 8 8 8 8 8 8 8 8 8 8 8 8 8 29 29 27 27 27 27 27 27 0 0 0 0 0 0 0 0 0 0 0 0 0 0 0 0 0 0 0 0 0 0 0 0 0 0 0 0 0 0 0 0 0 0 0 0 0 0 0 0 0 0 0 0 0 0 0 0 0 0 
31 31 31 31 31 8 8 8 8 8 8 8 8 8 8 8 8 8 8 8 8 8 29 29 29 27 27 27 27 0 0 0 0 0 0 0 0 0 0 0 0 0 0 0 0 0 0 0 0 0 0 0 0 0 0 0 0 0 0 0 0 0 0 0 0 0 0 0 0 0 0 0 0 0 0 0 0 0 0 0 
31 31 31 8 8 8 8 8 8 8 8 8 8 8 8 8 8 8 8 8 8 8 29 29 29 29 27 27 0 0 0 0 0 0 0 0 0 0 0 0 0 0 0 0 0 0 0 0 0 0 0 0 0 0 0 0 0 0 0 0 0 0 0 0 0 0 0 0 0 0 0 0 0 0 0 0 0 0 0 0 
31 31 8 8 8 8 8 8 8 8 8 8 8 8 8 8 8 8 8 8 8 8 29 29 29 29 29 0 0 0 0 0 0 0 0 0 0 0 0 0 0 0 0 0 0 0 0 0 0 0 0 0 0 0 0 0 0 0 0 0 0 0 0 0 0 0 0 0 0 0 0 0 0 0 0 0 0 0 0 0 
8 8 8 8 8 8 8 8 8 8 8 8 8 8 8 8 8 8 8 8 8 8 29 29 29 29 29 0 0 0 0 0 0 0 0 0 0 0 0 0 0 0 0 0 0 0 0 0 0 0 0 0 0 0 0 0 0 0 0 0 0 0 0 0 0 0 0 0 0 0 0 0 0 0 0 0 0 0 0 0 
8 8 8 8 8 8 8 8 8 8 8 8 8 8 8 8 8 8 8 8 8 29 29 29 29 29 29 0 0 0 0 0 0 0 0 0 0 0 0 0 0 0 0 0 0 0 0 0 0 0 0 0 0 0 0 0 0 0 0 0 0 0 0 0 0 0 0 0 0 0 0 0 0 0 0 0 0 0 0 0 
8 8 8 8 8 8 8 8 8 8 8 8 8 8 8 8 8 8 8 8 8 29 29 29 29 29 29 0 0 0 0 0 0 0 0 0 0 0 0 0 0 0 0 0 0 0 0 0 0 0 0 0 0 0 0 0 0 0 0 0 0 0 0 0 0 0 0 0 0 0 0 0 0 0 0 0 0 0 0 0 
8 8 8 8 8 8 8 8 8 8 8 8 8 8 8 8 8 8 8 8 8 29 29 29 29 29 29 0 0 0 0 0 0 0 0 0 0 0 0 0 0 0 0 0 0 0 0 0 0 0 0 0 0 0 0 0 0 0 0 0 0 0 0 0 0 0 0 0 0 0 0 0 0 0 0 0 0 0 0 0 
8 8 8 8 8 8 8 8 8 8 8 8 8 8 8 8 8 8 8 8 8 29 29 29 29 29 0 0 0 0 0 0 0 0 0 0 0 0 0 0 0 0 0 0 0 0 0 0 0 0 0 0 0 0 0 0 0 0 0 0 0 0 0 0 0 0 0 0 0 0 0 0 0 0 0 0 0 0 0 0 
8 8 8 8 8 8 8 8 8 8 8 8 8 8 8 8 8 8 8 8 8 29 29 29 29 29 0 0 0 0 0 0 0 0 0 0 0 0 0 0 0 0 0 0 0 0 0 0 0 0 0 0 0 0 0 0 0 0 0 0 0 0 0 0 0 0 0 0 0 0 0 0 0 0 0 0 0 0 0 0 
8 8 8 8 8 8 8 8 8 8 8 8 8 8 8 8 8 8 8 8 8 29 29 29 29 29 0 0 0 0 0 0 0 0 0 0 0 0 0 0 0 0 0 0 0 0 0 0 0 0 0 0 0 0 0 0 0 0 0 0 0 0 0 0 0 0 0 0 0 0 0 0 0 0 0 0 0 0 0 0 
8 8 8 8 8 8 8 8 8 8 8 8 8 8 8 8 8 8 8 8 8 29 29 29 29 29 0 0 0 0 0 0 0 0 0 0 0 0 0 0 0 0 0 0 0 0 0 0 0 0 0 0 0 0 0 0 0 0 0 0 0 0 0 0 0 0 0 0 0 0 0 0 0 0 0 0 0 0 0 0 
8 8 8 8 8 8 8 8 8 8 8 8 8 8 8 8 8 8 8 8 8 29 29 29 29 29 0 0 0 0 0 0 0 0 0 0 0 0 0 0 0 0 0 0 0 0 0 0 0 0 0 0 0 0 0 0 0 0 0 0 0 0 0 0 0 0 0 0 0 0 0 0 0 0 0 0 0 0 0 0 
8 8 8 8 8 8 8 8 8 8 8 8 8 8 8 8 8 8 8 8 29 29 29 29 29 29 0 0 0 0 0 0 0 0 0 0 0 0 0 0 0 0 0 0 0 0 0 0 0 0 0 0 0 0 0 0 0 0 0 0 0 0 0 0 0 0 0 0 0 0 0 0 0 0 0 0 0 0 0 0 
