0 0 0 0 1 2 2 2 2 3 3 3 3 3 3 4 4 4 4 4 4 5 5 5 7 7 7 7 7 7 7 7 22 22 22 22 22 22 22 22 22 22 22 22 22 20 20 20 20 20 20 20 20 20 20 20 20 20 20 20 20 20 20 20 20 20 20 20 20 20 20 20 20 20 20 20 20 20 30 30 
0 0 0 1 1 2 2 2 2 3 3 3 3 3 4 4 4 4 4 4 4 5 5 6 7 7 7 7 7 7 7 7 22 22 22 22 22 22 22 22 22 22 22 22 22 20 20 20 20 20 20 20 20 20 20 20 20 20 20 20 20 20 20 20 20 20 20 20 20 20 20 20 20 20 20 20 20 30 30 30 
0 0 1 1 2 2 2 2 3 3 3 3 3 3 4 4 4 4 4 4 5 5 5 7 7 7 7 7 7 7 7 22 22 22 22 22 22 22 22 22 22 22 22 22 20 20 20 20 20 20 20 20 20 20 20 20 20 20 20 20 20 20 20 20 20 20 20 20 20 20 20 20 20 20 20 20 20 30 30 30 
0 1 1 1 2 2 2 2 3 3 3 3 3 4 4 4 4 4 4 4 5 5 6 7 7 7 7 7 7 7 7 22 22 22 22 22 22 22 22 22 22 22 22 22 20 20 20 20 20 20 20 20 20 20 20 20 20 20 20 20 20 20 20 20 20 20 20 20 20 20 20 20 20 20 20 20 30 30 30 30 
1 1 1 2 2 2 2 3 3 3 3 3 4 4 4 4 4 4 4 5 5 5 6 7 7 7 7 7 7 7 7 22 22 22 22 22 22 22 22 22 22 22 22 20 20 20 20 20 20 20 20 20 20 20 20 20 20 20 20 20 20 20 20 20 20 20 20 20 20 20 20 20 20 20 20 30 30 30 30 30 
1 1 1 2 2 2 2 3 3 3 3 3 4 4 4 4 4 4 5 5 5 6 7 7 7 7 7 7 7 7 22 22 22 22 22 22 22 22 22 22 22 22 22 20 20 20 20 20 20 20 20 20 20 20 20 20 20 20 20 20 20 20 20 20 20 20 20 20 20 20 20 20 20 20 20 30 30 30 30 30 
1 1 2 2 2 2 3 3 3 3 3 4 4 4 4 4 4 4 5 5 5 6 7 7 7 7 7 7 7 7 22 22 22 22 22 22 22 22 22 22 22 22 22 20 20 20 20 20 20 20 20 20 20 20 20 20 20 20 20 20 20 20 20 20 20 20 20 20 20 20 20 20 20 20 30 30 30 30 30 30 
1 1 2 2 2 2 3 3 3 3 3 4 4 4 4 4 4 5 5 5 6 7 7 7 7 7 7 7 7 22 22 22 22 22 22 22 22 22 22 22 22 22 20 20 20 20 20 20 20 20 20 20 20 20 20 20 20 20 20 20 20 20 20 20 20 20 20 20 20 20 20 20 20 27 30 30 30 30 30 30 
1 2 2 2 2 3 3 3 3 3 4 4 4 4 4 4 4 5 5 5 6 7 7 7 7 7 7 7 7 22 22 22 22 22 22 22 22 22 22 22 22 22 20 20 20 20 20 20 20 20 20 20 20 20 20 20 20 20 20 20 20 20 20 20 20 20 20 20 20 20 20 20 20 27 30 30 30 30 30 30 
1 2 2 2 2 3 3 3 3 3 4 4 4 4 4 4 5 5 5 6 6 7 7 7 7 7 7 7 7 22 22 22 22 22 22 22 22 22 22 22 22 20 20 20 20 20 20 20 20 20 20 20 20 20 20 20 20 20 20 20 20 20 20 20 20 20 20 20 20 20 20 20 27 30 30 30 30 30 30 30 
2 2 2 2 3 3 3 3 3 4 4 4 4 4 4 5 5 5 5 6 7 7 7 7 7 7 7 7 22 22 22 22 22 22 22 22 22 22 22 22 22 20 20 20 20 20 20 20 20 20 20 20 20 20 20 20 20 20 20 20 20 20 20 20 20 20 20 20 20 20 20 27 27 30 30 30 30 30 30 30 
2 2 2 2 3 3 3 3 3 4 4 4 4 4 4 5 5 5 6 6 7 7 7 7 7 7 7 7 22 22 22 22 22 22 22 22 22 22 22 22 20 20 20 20 20 20 20 20 20 20 20 20 20 20 20 20 20 20 20 20 20 20 20 20 20 20 20 20 20 20 20 27 30 30 30 30 30 30 30 30 
2 2 2 3 3 3 3 3 4 4 4 4 4 4 5 5 5 5 6 6 7 7 7 7 7 7 7 8 22 22 22 22 22 22 22 22 22 22 22 22 20 20 20 20 20 20 20 20 20 20 20 20 20 20 20 20 20 20 20 20 20 20 20 20 20 20 20 20 20 20 27 27 30 30 30 30 30 30 30 30 
2 2 2 3 3 3 3 4 4 4 4 4 4 4 5 5 5 6 6 7 7 7 7 7 7 7 7 22 22 22 22 22 22 22 22 22 22 22 22 22 20 20 20 20 20 20 20 20 20 20 20 20 20 20 20 20 20 20 20 20 20 20 20 20 20 20 20 20 20 27 27 30 30 30 30 30 30 30 30 30 
2 2 3 3 3 3 3 4 4 4 4 4 4 5 5 5 5 6 6 7 7 7 7 7 7 7 8 22 22 22 22 22 22 22 22 22 22 22 22 20 20 20 20 20 20 20 20 20 20 20 20 20 20 20 20 20 20 20 20 20 20 20 20 20 20 20 20 20 20 27 27 30 30 30 30 30 30 30 30 30 
2 2 3 3 3 3 4 4 4 4 4 4 5 5 5 5 6 6 7 7 7 7 7 7 7 7 8 22 22 22 22 22 22 22 22 22 22 22 22 20 20 20 20 20 20 20 20 20 20 20 20 20 20 20 20 20 20 20 20 20 20 20 20 20 20 20 20 20 27 27 30 30 30 30 30 30 30 30 30 30 
2 3 3 3 3 3 4 4 4 4 4 4 5 5 5 5 6 6 7 7 7 7 7 7 7 8 22 22 22 22 22 22 22 22 22 22 22 22 20 20 20 20 20 20 20 20 20 20 20 20 20 20 20 20 20 20 20 20 20 20 20 20 20 20 20 20 20 27 27 27 30 30 30 30 30 30 30 30 30 30 
2 3 3 3 3 4 4 4 4 4 4 5 5 5 5 6 6 6 7 7 7 7 7 7 7 8 22 22 22 22 22 22 22 22 22 22 22 22 20 20 20 20 20 20 20 20 20 20 20 20 20 20 20 20 20 20 20 20 20 20 20 20 20 20 20 20 27 27 27 30 30 30 30 30 30 30 30 30 30 30 
3 3 3 3 3 4 4 4 4 4 4 5 5 5 5 6 6 7 7 7 7 7 7 7 8 8 22 22 22 22 22 22 22 22 22 22 22 20 20 20 20 20 20 20 20 20 20 20 20 20 20 20 20 20 20 20 20 20 20 20 20 20 20 20 20 20 27 27 27 30 30 30 30 30 30 30 30 30 30 30 
3 3 3 3 4 4 4 4 4 4 5 5 5 5 6 6 6 7 7 7 7 7 7 7 8 22 22 22 22 22 22 22 22 22 22 22 22 20 20 20 20 20 20 20 20 20 20 20 20 20 20 20 20 20 20 20 20 20 20 20 20 20 20 20 20 27 27 27 30 30 30 30 30 30 30 30 30 30 30 30 
3 3 3 3 4 4 4 4 4 4 5 5 5 5 6 6 6 7 7 7 7 7 7 8 8 22 22 22 22 22 22 22 22 22 22 22 22 20 20 20 20 20 20 20 20 20 20 20 20 20 20 20 20 20 20 20 20 20 20 20 20 20 20 20 27 27 27 27 30 30 30 30 30 30 30 30 30 30 30 30 
3 3 3 4 4 4 4 4 4 5 5 5 5 6 6 6 7 7 7 7 7 7 7 8 22 22 22 22 22 22 22 22 22 22 22 22 20 20 20 20 20 20 20 20 20 20 20 20 20 20 20 20 20 20 20 20 20 20 20 20 20 20 20 20 27 27 27 30 30 30 30 30 30 30 30 30 30 30 30 30 
3 3 3 4 4 4 4 4 5 5 5 5 5 6 6 6 7 7 7 7 7 7 7 8 22 22 22 22 22 22 22 22 22 22 22 22 20 20 20 20 20 20 20 20 20 20 20 20 20 20 20 20 20 20 20 20 20 20 20 20 20 20 20 27 27 27 28 30 30 30 30 30 30 30 30 30 30 30 30 30 
3 3 4 4 4 4 4 4 5 5 5 5 6 6 6 7 7 7 7 7 7 7 8 8 22 22 22 22 22 22 22 22 22 22 22 20 20 20 20 20 20 20 20 20 20 20 20 20 20 20 20 20 20 20 20 20 20 20 20 20 20 20 27 27 27 27 30 30 30 30 30 30 30 30 30 30 30 30 30 30 
3 4 4 4 4 4 4 5 5 5 5 5 6 6 6 7 7 7 7 7 7 7 8 22 22 22 22 22 22 22 22 22 22 22 22 20 20 20 20 20 20 20 20 20 20 20 20 20 20 20 20 20 20 20 20 20 20 20 20 20 20 20 27 27 27 28 30 30 30 30 30 30 30 30 30 30 30 30 30 30 
3 4 4 4 4 4 4 5 5 5 5 6 6 6 6 7 7 7 7 7 7 8 8 22 22 22 22 22 22 22 22 22 22 22 20 20 20 20 20 20 20 20 20 20 20 20 20 20 20 20 20 20 20 20 20 20 20 20 20 20 20 27 27 27 27 30 30 30 30 30 30 30 30 30 30 30 30 30 30 30 
4 4 4 4 4 4 5 5 5 5 5 6 6 6 7 7 7 7 7 7 7 8 8 22 22 22 22 22 22 22 22 22 22 22 20 20 20 20 20 20 20 20 20 20 20 20 20 20 20 20 20 20 20 20 20 20 20 20 20 20 27 27 27 27 28 30 30 30 30 30 30 30 30 30 30 30 30 30 30 30 
4 4 4 4 4 5 5 5 5 5 5 6 6 6 7 7 7 7 7 7 8 8 22 22 22 22 22 22 22 22 22 22 22 22 20 20 20 20 20 20 20 20 20 20 20 20 20 20 20 20 20 20 20 20 20 20 20 20 20 20 27 27 27 27 30 30 30 30 30 30 30 30 30 30 30 30 30 30 30 30 
4 4 4 4 4 5 5 5 5 5 6 6 6 7 7 7 7 7 7 7 8 8 22 22 22 22 22 22 22 22 22 22 22 20 20 20 20 20 20 20 20 20 20 20 20 20 20 20 20 20 20 20 20 20 20 20 20 20 20 27 27 27 27 28 30 30 30 30 30 30 30 30 30 30 30 30 30 30 30 30 
4 4 4 4 5 5 5 5 5 5 6 6 6 7 7 7 7 7 7 8 8 8 22 22 22 22 22 22 22 22 22 22 22 20 20 20 20 20 20 20 20 20 20 20 20 20 20 20 20 20 20 20 20 20 20 20 20 20 27 27 27 27 28 28 30 30 30 30 30 30 30 30 30 30 30 30 30 30 30 30 
4 4 4 4 5 5 5 5 5 6 6 6 6 7 7 7 7 7 7 8 8 22 22 22 22 22 22 22 22 22 22 22 20 20 20 20 20 20 20 20 20 20 20 20 20 20 20 20 20 20 20 20 20 20 20 20 20 20 27 27 27 27 28 30 30 30 30 30 30 30 30 30 30 30 30 30 30 30 30 30 
4 4 4 5 5 5 5 5 5 6 6 6 7 7 7 7 7 7 8 8 8 22 22 22 22 22 22 22 22 22 22 22 20 20 20 20 20 20 20 20 20 20 20 20 20 20 20 20 20 20 20 20 20 20 20 20 20 27 27 27 27 28 28 30 30 30 30 30 30 30 30 30 30 30 30 30 30 30 30 30 
4 4 5 5 5 5 5 5 6 6 6 6 7 7 7 7 7 7 8 8 8 22 22 22 22 22 22 22 22 22 22 20 20 20 20 20 20 20 20 20 20 20 20 20 20 20 20 20 20 20 20 20 20 20 20 20 27 27 27 27 27 28 30 30 30 30 30 30 30 30 30 30 30 30 30 30 30 30 30 30 
4 4 5 5 5 5 5 5 6 6 6 6 7 7 7 7 7 7 8 8 22 22 22 22 22 22 22 22 22 22 22 20 20 20 20 20 20 20 20 20 20 20 20 20 20 20 20 20 20 20 20 20 20 20 20 20 27 27 27 27 28 28 30 30 30 30 30 30 30 30 30 30 30 30 30 30 30 30 30 30 
4 5 5 5 5 5 5 6 6 6 6 7 7 7 7 7 7 8 8 8 22 22 22 22 22 22 22 22 22 22 22 20 20 20 20 20 20 20 20 20 20 20 20 20 20 20 20 20 20 20 20 20 20 20 20 27 27 27 27 27 28 30 30 30 30 30 30 30 30 30 30 30 30 30 30 30 30 30 30 30 
4 5 5 5 5 5 5 6 6 6 6 7 7 7 7 7 7 8 8 8 22 22 22 22 22 22 22 22 22 22 20 20 20 20 20 20 20 20 20 20 20 20 20 20 20 20 20 20 20 20 20 20 20 20 27 27 27 27 27 28 28 30 30 30 30 30 30 30 30 30 30 30 30 30 30 30 30 30 30 30 
5 5 5 5 5 5 6 6 6 6 7 7 7 7 7 7 8 8 8 22 22 22 22 22 22 22 22 22 22 22 20 20 20 20 20 20 20 20 20 20 20 20 20 20 20 20 20 20 20 20 20 20 20 20 27 27 27 27 28 28 30 30 30 30 30 30 30 30 30 30 30 30 30 30 30 30 30 30 30 30 
5 5 5 5 5 5 6 6 6 6 7 7 7 7 7 7 8 8 8 22 22 22 22 22 22 22 22 22 22 20 20 20 20 20 20 20 20 20 20 20 20 20 20 20 20 20 20 20 20 20 20 20 20 27 27 27 27 27 28 28 30 30 30 30 30 30 30 30 30 30 30 30 30 30 30 30 30 30 30 30 
5 5 5 5 5 6 6 6 6 6 7 7 7 7 7 8 8 8 8 22 22 22 22 22 22 22 22 22 22 20 20 20 20 20 20 20 20 20 20 20 20 20 20 20 20 20 20 20 20 20 20 20 27 27 27 27 27 28 28 30 30 30 30 30 30 30 30 30 30 30 30 30 30 30 30 30 30 30 30 30 
5 5 5 5 5 6 6 6 6 7 7 7 7 7 7 8 8 8 22 22 22 22 22 22 22 22 22 22 20 20 20 20 20 20 20 20 20 20 20 20 20 20 20 20 20 20 20 20 20 20 20 20 27 27 27 27 27 28 28 30 30 30 30 30 30 30 30 30 30 30 30 30 30 30 30 30 30 30 30 30 
5 5 5 5 6 6 6 6 6 7 7 7 7 7 8 8 8 8 22 22 22 22 22 22 22 22 22 22 20 20 20 20 20 20 20 20 20 20 20 20 20 20 20 20 20 20 20 20 20 20 20 27 27 27 27 27 28 28 30 30 30 30 30 30 30 30 30 30 30 30 30 30 30 30 30 30 30 30 30 30 
5 5 5 5 6 6 6 6 6 7 7 7 7 7 8 8 8 8 22 22 22 22 22 22 22 22 22 22 20 20 20 20 20 20 20 20 20 20 20 20 20 20 20 20 20 20 20 20 20 20 27 27 27 27 27 27 28 28 30 30 30 30 30 30 30 30 30 30 30 30 30 30 30 30 30 30 30 30 30 30 
5 5 5 6 6 6 6 6 7 7 7 7 7 8 8 8 8 22 22 22 22 22 22 22 22 22 22 20 20 20 20 20 20 20 20 20 20 20 20 20 20 20 20 20 20 20 20 20 20 20 27 27 27 27 27 28 28 28 30 30 30 30 30 30 30 30 30 30 30 30 30 30 30 30 30 30 30 30 30 30 
5 5 5 6 6 6 6 6 7 7 7 7 7 8 8 8 8 22 22 22 22 22 22 22 22 22 22 20 20 20 20 20 20 20 20 20 20 20 20 20 20 20 20 20 20 20 20 20 20 27 27 27 27 27 28 28 28 30 30 30 30 30 30 30 30 30 30 30 30 30 30 30 30 30 30 30 30 30 30 30 
5 5 6 6 6 6 6 7 7 7 7 7 8 8 8 8 8 22 22 22 22 22 22 22 22 22 20 20 20 20 20 20 20 20 20 20 20 20 20 20 20 20 20 20 20 20 20 20 27 27 27 27 27 27 28 28 28 30 30 30 30 30 30 30 30 30 30 30 30 30 30 30 30 30 30 30 30 30 30 9 
5 5 6 6 6 6 6 7 7 7 7 7 8 8 8 8 22 22 22 22 22 22 22 22 22 22 20 20 20 20 20 20 20 20 20 20 20 20 20 20 20 20 20 20 20 20 20 20 27 27 27 27 27 28 28 28 30 30 30 30 30 30 30 30 30 30 30 30 30 30 30 30 30 30 30 30 30 30 30 9 
5 10 10 6 6 6 6 7 7 7 7 7 8 8 8 8 22 22 22 22 22 22 22 22 22 22 20 20 20 20 20 20 20 20 20 20 20 20 20 20 20 20 20 20 20 20 20 27 27 27 27 27 27 28 28 28 30 30 30 30 30 30 30 30 30 30 30 30 30 30 30 30 30 30 30 30 30 30 9 9 
10 10 10 10 10 10 10 7 7 7 7 8 8 8 8 8 22 22 22 22 22 22 22 22 22 20 20 20 20 20 20 20 20 20 20 20 20 20 20 20 20 20 20 20 20 20 27 27 27 27 27 27 28 28 28 30 30 30 30 30 30 30 30 30 30 30 30 30 30 30 30 30 30 30 30 30 30 9 9 9 
10 10 10 10 10 10 10 7 7 7 7 8 8 8 8 22 22 22 22 22 22 22 22 22 22 20 20 20 20 20 20 20 20 20 20 20 20 20 20 20 20 20 20 20 20 20 27 27 27 27 27 27 28 28 28 30 30 30 30 30 30 30 30 30 30 30 30 30 30 30 30 30 30 30 30 30 30 9 9 9 
10 10 10 10 10 10 10 10 7 7 8 8 8 8 8 22 22 22 22 22 22 22 22 22 20 20 20 20 20 20 20 20 20 20 20 20 20 20 20 20 20 20 20 20 20 27 27 27 27 27 27 28 28 28 30 30 30 30 30 30 30 30 30 30 30 30 30 30 30 30 30 30 30 30 30 30 9 9 9 9 
10 10 10 10 10 10 10 10 7 7 8 8 8 8 8 22 22 22 22 22 22 22 22 22 20 20 20 20 20 20 20 20 20 20 20 20 20 20 20 20 20 20 20 20 27 27 27 27 27 27 27 28 28 28 30 30 30 30 30 30 30 30 30 30 30 30 30 30 30 30 30 30 30 30 30 30 9 9 9 9 
10 10 10 10 10 10 10 10 7 8 8 8 8 8 22 22 22 22 22 22 22 22 22 20 20 20 20 20 20 20 20 20 20 20 20 20 20 20 20 20 20 20 20 20 27 27 27 27 27 27 28 28 28 30 30 30 30 30 30 30 30 30 30 30 30 30 30 30 30 30 30 30 30 30 30 9 9 9 9 9 
10 10 10 10 10 10 10 10 10 8 8 8 8 8 22 22 22 22 22 22 22 22 22 20 20 20 20 20 20 20 20 20 20 20 20 20 20 20 20 20 20 20 20 27 27 27 27 27 27 28 28 28 28 30 30 30 30 30 30 30 30 30 30 30 30 30 30 30 30 30 30 30 30 30 30 9 9 9 9 9 
10 10 10 10 10 10 10 10 10 8 8 8 8 8 22 22 22 22 22 22 22 22 22 20 20 20 20 20 20 20 20 20 20 20 20 20 20 20 20 20 20 20 27 27 27 27 27 27 27 28 28 28 28 30 30 30 30 30 30 30 30 30 30 30 30 30 30 30 30 30 30 30 30 30 9 9 9 9 9 9 
10 10 10 10 10 10 10 10 10 8 8 8 8 22 22 22 22 22 22 22 22 22 20 20 20 20 20 20 20 20 20 20 20 20 20 20 20 20 20 20 20 20 27 27 27 27 27 27 28 28 28 28 30 30 30 30 30 30 30 30 30 30 30 30 30 30 30 30 30 30 30 30 30 9 9 9 9 9 9 9 
10 10 10 10 10 10 10 10 10 8 8 8 8 22 22 22 22 22 22 22 22 22 20 20 20 20 20 20 20 20 20 20 20 20 20 20 20 20 20 20 20 27 27 27 27 27 27 27 28 28 28 28 30 30 30 30 30 30 30 30 30 30 30 30 30 30 30 30 30 30 30 30 30 9 9 9 9 9 9 9 
10 10 10 10 10 10 10 10 10 8 8 8 8 22 22 22 22 22 22 22 22 20 20 20 20 20 20 20 20 20 20 20 20 20 20 20 20 20 20 20 27 27 27 27 27 27 27 28 28 28 28 30 30 30 30 30 30 30 30 30 30 30 30 30 30 30 30 30 30 30 30 30 9 9 9 9 9 9 9 9 
10 10 10 10 10 10 10 10 10 8 8 8 22 22 22 22 22 22 22 22 22 20 20 20 20 20 20 20 20 20 20 20 20 20 20 20 20 20 20 27 27 27 27 27 27 27 27 28 28 28 28 30 30 30 30 30 30 30 30 30 30 30 30 30 30 30 30 30 30 30 30 30 9 9 9 9 9 9 9 9 
10 10 10 10 10 10 10 10 10 21 8 8 22 22 22 22 22 22 22 22 20 20 20 20 20 20 20 20 20 20 20 20 20 20 20 20 20 20 20 27 27 27 27 27 27 27 28 28 28 28 30 30 30 30 30 30 30 30 30 30 30 30 30 30 30 30 30 30 30 30 30 9 9 9 9 9 9 9 9 9 
10 10 10 10 10 10 10 10 10 21 21 21 22 22 22 22 22 22 22 22 20 20 20 20 20 20 20 20 20 20 20 20 20 20 20 20 20 20 27 27 27 27 27 27 27 28 28 28 28 28 30 30 30 30 30 30 30 30 30 30 30 30 30 30 30 30 30 30 30 30 30 9 9 9 9 9 9 9 9 9 
10 10 10 10 10 10 10 10 21 21 21 21 22 22 22 22 22 22 22 22 20 20 20 20 20 20 20 20 20 20 20 20 20 20 20 20 20 27 27 27 27 27 27 27 27 28 28 28 28 30 30 30 30 30 30 30 30 30 30 30 30 30 30 30 30 30 30 30 30 30 9 9 9 9 9 9 9 9 9 9 
10 10 10 10 10 10 10 10 21 21 21 21 22 22 22 22 22 22 22 20 20 20 20 20 20 20 20 20 20 20 20 20 20 20 20 20 20 27 27 27 27 27 27 27 28 28 28 28 28 30 30 30 30 30 30 30 30 30 30 30 30 30 30 30 30 30 30 30 30 9 9 9 9 9 9 9 9 9 9 9 
10 10 10 10 10 10 10 10 21 21 21 21 22 22 22 22 22 22 22 20 20 20 20 20 20 20 20 20 20 20 20 20 20 20 20 20 27 27 27 27 27 27 27 27 28 28 28 28 30 30 30 30 30 30 30 30 30 30 30 30 30 30 30 30 30 30 30 30 30 9 9 9 9 9 9 9 9 9 9 9 
10 10 10 10 10 10 10 10 21 21 21 21 22 22 22 22 22 22 20 20 20 20 20 20 20 20 20 20 20 20 20 20 20 20 20 27 27 27 27 27 27 27 27 28 28 28 28 28 30 30 30 30 30 30 30 30 30 30 30 30 30 30 30 30 30 30 30 30 9 9 9 9 9 9 9 9 9 9 9 9 
10 10 10 10 10 10 10 21 21 21 21 21 22 22 22 22 18 18 20 20 20 20 20 20 20 20 20 20 20 20 20 20 20 20 20 27 27 27 27 27 27 27 27 28 28 28 28 30 30 30 30 30 30 30 30 30 30 30 30 30 30 30 30 30 30 30 30 30 9 9 9 9 9 9 9 9 9 9 9 9 
10 10 10 10 10 10 10 21 21 21 21 21 22 22 22 18 18 18 20 20 20 20 20 20 20 20 20 20 20 20 20 20 20 20 27 27 27 27 27 27 27 27 28 28 28 28 28 30 30 30 30 30 30 30 30 30 30 30 30 30 30 30 30 30 30 30 30 9 9 9 9 9 9 9 9 9 9 9 9 9 
10 10 10 10 10 10 10 21 21 21 21 21 22 22 18 18 18 18 20 20 20 20 20 20 20 20 20 20 20 20 20 20 20 26 27 27 27 27 27 27 27 28 28 28 28 28 28 30 30 30 30 30 30 30 30 30 30 30 30 30 30 30 30 30 30 30 30 9 9 9 9 9 9 9 9 9 9 9 9 9 
10 10 10 10 10 10 13 13 13 21 21 21 22 18 18 18 18 20 20 20 20 20 20 20 20 20 20 20 20 20 20 20 26 27 27 27 27 27 27 27 27 28 28 28 28 28 30 30 30 30 30 30 30 30 30 30 30 30 30 30 30 30 30 30 30 30 9 9 9 9 9 9 9 9 9 9 9 9 9 9 
10 10 10 10 10 10 13 13 13 13 13 21 18 18 18 18 18 20 20 20 20 20 20 20 20 20 20 20 20 20 20 26 26 27 27 27 27 27 27 27 28 28 28 28 28 28 30 30 30 30 30 30 30 30 30 30 30 30 30 30 30 30 30 30 30 31 9 9 9 9 9 9 9 9 9 9 9 9 9 9 
10 10 10 10 10 13 13 13 13 13 13 13 18 18 18 18 18 20 20 20 20 20 20 20 20 20 20 20 20 20 26 26 27 27 27 27 27 27 27 27 28 28 28 28 28 30 30 30 30 30 30 30 30 30 30 30 30 30 30 30 30 30 30 30 30 9 9 9 9 9 9 9 9 9 9 9 9 9 9 9 
10 10 10 10 13 13 13 13 13 13 13 13 18 18 18 18 18 20 20 20 20 20 20 20 20 20 20 20 20 20 26 26 27 27 27 27 27 27 27 28 28 28 28 28 28 30 30 30 30 30 30 30 30 30 30 30 30 30 30 30 30 30 30 30 9 9 9 9 9 9 9 9 9 9 9 9 9 9 9 9 
10 10 10 10 13 13 13 13 13 13 13 13 18 18 18 18 20 20 20 20 20 20 20 20 20 20 20 20 20 26 26 27 27 27 27 27 27 27 27 28 28 28 28 28 30 30 30 30 30 30 30 30 30 30 30 30 30 30 30 30 30 30 30 31 9 9 9 9 9 9 9 9 9 9 9 9 9 9 9 9 
10 10 10 13 13 13 13 13 13 13 13 13 18 18 18 18 20 20 20 20 20 20 20 20 20 20 20 20 26 26 26 27 27 27 27 27 27 27 28 28 28 28 28 28 30 30 30 30 30 30 30 30 30 30 30 30 30 30 30 30 30 30 30 9 9 9 9 9 9 9 9 9 9 9 9 9 9 9 9 9 
10 10 13 13 13 13 13 13 13 13 13 13 18 18 18 18 20 20 20 20 20 20 20 20 20 20 20 26 26 26 27 27 27 27 27 27 27 28 28 28 28 28 28 30 30 30 30 30 30 30 30 30 30 30 30 30 30 30 30 30 30 30 31 9 9 9 9 9 9 9 9 9 9 9 9 9 9 9 9 9 
10 10 13 13 13 13 13 13 13 13 13 13 18 18 18 18 20 20 20 20 20 20 20 20 20 20 26 26 26 27 27 27 27 27 27 27 27 28 28 28 28 28 28 30 30 30 30 30 30 30 30 30 30 30 30 30 30 30 30 30 30 30 9 9 9 9 9 9 9 9 9 9 9 9 9 9 9 9 9 9 
10 13 13 13 13 13 13 13 13 13 13 13 18 18 19 19 20 20 20 20 20 20 20 20 20 26 26 26 26 27 27 27 27 27 27 27 28 28 28 28 28 28 30 30 30 30 30 30 30 30 30 30 30 30 30 30 30 30 30 30 30 31 9 9 9 9 9 9 9 9 9 9 9 9 9 9 9 9 9 9 
10 13 13 13 13 13 13 13 13 13 13 13 18 19 19 19 20 20 20 20 20 20 20 20 20 26 26 26 27 27 27 27 27 27 27 27 28 28 28 28 28 28 30 30 30 30 30 30 30 30 30 30 30 30 30 30 30 30 30 30 31 9 9 9 9 9 9 9 9 9 9 9 9 9 9 9 9 9 9 9 
13 13 13 13 13 13 13 13 13 13 13 13 19 19 19 19 20 20 20 20 20 20 20 20 26 26 26 26 27 27 27 27 27 27 27 28 28 28 28 28 28 28 30 30 30 30 30 30 30 30 30 30 30 30 30 30 30 30 30 30 31 9 9 9 9 9 9 9 9 9 9 9 9 9 9 9 9 9 9 9 
13 13 13 13 13 13 13 13 13 13 13 13 19 19 19 19 20 20 20 20 20 20 20 26 26 26 26 27 27 27 27 27 27 27 27 28 28 28 28 28 28 30 30 30 30 30 30 30 30 30 30 30 30 30 30 30 30 30 30 31 9 9 9 9 9 9 9 9 9 9 9 9 9 9 9 9 9 9 9 9 
13 13 13 13 13 13 13 13 13 13 13 13 19 19 19 19 20 20 20 20 20 20 26 26 26 26 26 27 27 27 27 27 27 27 28 28 28 28 28 28 28 30 30 30 30 30 30 30 30 30 30 30 30 30 30 30 30 30 31 31 9 9 9 9 9 9 9 9 9 9 9 9 9 9 9 9 9 9 9 9 
13 13 13 13 13 13 13 13 13 13 13 13 19 19 19 19 20 20 20 20 20 26 26 26 26 26 27 27 27 27 27 27 27 28 28 28 28 28 28 28 30 30 30 30 30 30 30 30 30 30 30 30 30 30 30 30 30 30 31 9 9 9 9 9 9 9 9 9 9 9 9 9 9 9 9 9 9 9 9 9 
13 13 13 13 13 13 13 13 13 13 14 14 19 19 19 19 20 20 20 20 26 26 26 26 26 26 27 27 27 27 27 27 27 28 28 28 28 28 28 28 30 30 30 30 30 30 30 30 30 30 30 30 30 30 30 30 30 31 31 9 9 9 9 9 9 9 9 9 9 9 9 9 9 9 9 9 9 9 9 9 
13 13 13 13 13 13 13 13 14 14 14 14 19 19 19 19 20 20 20 20 26 26 26 26 26 27 27 27 27 27 27 27 28 28 28 28 28 28 28 30 30 30 30 30 30 30 30 30 30 30 30 30 30 30 30 30 30 31 9 9 9 9 9 9 9 9 9 9 9 9 9 9 9 9 9 9 9 9 9 9 
13 13 13 13 13 13 14 14 14 14 14 14 19 19 19 19 20 20 20 26 26 26 26 26 26 27 27 27 27 27 27 27 28 28 28 28 28 28 28 30 30 30 30 30 30 30 30 30 30 30 30 30 30 30 30 30 31 31 9 9 9 9 9 9 9 9 9 9 9 9 9 9 9 9 9 9 9 9 9 9 
13 13 13 13 14 14 14 14 14 14 14 14 14 19 19 15 20 20 26 26 26 26 26 26 27 27 27 27 27 27 27 28 28 28 28 28 28 28 30 30 30 30 30 30 30 30 30 30 30 30 30 30 30 30 30 31 31 9 9 9 9 9 9 9 9 9 9 9 9 9 9 9 9 9 9 9 9 9 9 9 
13 14 14 14 14 14 14 14 14 14 14 14 14 19 15 15 15 26 26 26 26 26 26 26 27 27 27 27 27 27 27 28 28 28 28 28 28 28 30 30 30 30 30 30 30 30 30 30 30 30 30 30 30 30 30 31 31 9 9 9 9 9 9 9 9 9 9 9 9 9 9 9 9 9 9 9 9 9 9 9 
14 14 14 14 14 14 14 14 14 14 14 14 14 15 15 15 15 26 26 26 26 26 26 27 27 27 27 27 27 27 28 28 28 28 28 28 28 11 30 30 30 30 30 30 30 30 30 30 30 30 30 30 30 30 31 31 9 9 9 9 9 9 9 9 9 9 9 9 9 9 9 9 9 9 9 9 9 9 9 9 
14 14 14 14 14 14 14 14 14 14 14 14 14 15 15 15 15 26 26 26 26 26 26 27 27 27 27 27 27 28 28 28 28 28 28 28 28 30 30 30 30 30 30 30 30 30 30 30 30 30 30 30 30 31 31 31 9 9 9 9 9 9 9 9 9 9 9 9 9 9 9 9 9 9 9 9 9 9 9 9 
14 14 14 14 14 14 14 14 14 14 14 14 14 15 15 15 15 26 26 26 26 26 27 27 27 27 27 27 27 28 28 28 28 28 28 28 11 30 30 30 30 30 30 30 30 30 30 30 30 30 30 30 30 31 31 9 9 9 9 9 9 9 9 9 9 9 9 9 9 9 9 9 9 9 9 9 9 9 9 9 
14 14 14 14 14 14 14 14 14 14 14 14 14 15 15 15 15 26 26 26 26 27 27 27 27 27 27 27 28 28 28 28 28 28 28 11 30 30 30 30 30 30 30 30 30 30 30 30 30 30 30 30 31 31 31 9 9 9 9 9 9 9 9 9 9 9 9 9 9 9 9 9 9 9 9 9 9 9 9 9 
14 14 14 14 14 14 14 14 14 14 14 14 14 15 15 15 15 26 26 26 26 27 27 27 27 27 27 27 28 28 28 28 28 28 28 11 30 30 30 30 30 30 30 30 30 30 30 30 30 30 30 30 31 31 9 9 9 9 9 9 9 9 9 9 9 9 9 9 9 9 9 9 9 9 9 9 9 9 9 9 
14 14 14 14 14 14 14 14 14 14 14 14 14 15 15 15 15 26 26 26 27 27 27 27 27 27 27 28 28 28 28 28 28 28 11 11 30 30 30 30 30 30 30 30 30 30 30 30 30 30 30 31 31 9 9 9 9 9 9 9 9 9 9 9 9 9 9 9 9 9 9 9 9 9 9 9 9 9 9 9 
14 14 14 14 14 14 14 14 14 14 14 14 14 15 15 15 15 26 26 26 27 27 27 27 27 27 27 28 28 28 28 28 28 28 11 30 30 30 30 30 30 30 30 30 30 30 30 30 30 30 31 31 31 9 9 9 9 9 9 9 9 9 9 9 9 9 9 9 9 9 9 9 9 9 9 9 9 9 9 9 
14 14 14 14 14 14 14 14 14 14 14 14 14 15 15 15 24 26 26 27 27 27 27 27 27 27 28 28 28 28 28 28 28 11 11 30 30 30 30 30 30 30 30 30 30 30 30 30 30 30 31 31 9 9 9 9 9 9 9 9 9 9 9 9 9 9 9 9 9 9 9 9 9 9 9 9 9 9 9 9 
14 14 14 14 14 14 14 14 14 14 14 14 14 15 15 24 24 26 26 27 27 27 27 27 27 28 28 28 28 28 28 28 28 11 11 30 30 30 30 30 30 30 30 30 30 30 30 30 30 31 31 31 9 9 9 9 9 9 9 9 9 9 9 9 9 9 9 9 9 9 9 9 9 9 9 9 9 9 9 9 
14 14 14 14 14 14 14 14 14 14 14 14 14 15 24 24 24 24 27 27 27 27 27 27 27 28 28 28 28 28 28 28 11 11 30 30 30 30 30 30 30 30 30 30 30 30 30 30 31 31 31 9 9 9 9 9 9 9 9 9 9 9 9 9 9 9 9 9 9 9 9 9 9 9 9 9 9 9 9 9 
14 14 14 14 14 14 14 14 14 14 14 14 14 24 24 24 24 24 27 27 27 27 27 27 28 28 28 28 28 28 28 11 11 11 30 30 30 30 30 30 30 30 30 30 30 30 30 30 31 31 31 9 9 9 9 9 9 9 9 9 9 9 9 9 9 9 9 9 9 9 9 9 9 9 9 9 9 9 9 9 
14 14 14 14 14 14 14 14 14 14 14 14 14 24 24 24 24 24 27 27 27 27 27 27 28 28 28 28 28 28 28 11 11 30 30 30 30 30 30 30 30 30 30 30 30 30 30 31 31 31 9 9 9 9 9 9 9 9 9 9 9 9 9 9 9 9 9 9 9 9 9 9 9 9 9 9 9 9 9 9 
14 14 14 14 14 14 14 14 14 14 14 14 14 24 24 24 24 24 27 27 27 27 27 28 28 28 28 28 28 28 11 11 11 30 30 30 30 30 30 30 30 30 30 30 30 30 30 31 31 31 9 9 9 9 9 9 9 9 9 9 9 9 9 9 9 9 9 9 9 9 9 9 9 9 9 9 9 9 9 9 
14 14 14 14 14 14 14 14 14 14 14 14 14 24 24 24 24 24 27 27 27 27 27 28 28 28 28 28 28 28 11 11 11 30 30 30 30 30 30 30 30 30 30 30 30 30 31 31 31 9 9 9 9 9 9 9 9 9 9 9 9 9 9 9 9 9 9 9 9 9 9 9 9 9 9 9 9 9 9 9 
14 14 14 14 14 14 14 14 14 14 14 14 23 24 24 24 24 24 27 27 27 27 28 28 28 28 28 28 28 11 11 11 30 30 30 30 30 30 30 30 30 30 30 30 30 31 31 31 31 9 9 9 9 9 9 9 9 9 9 9 9 9 9 9 9 9 9 9 9 9 9 9 9 9 9 9 9 9 9 9 
14 14 14 14 14 14 14 14 14 14 14 23 23 24 24 24 24 24 27 27 27 28 28 28 28 28 28 28 28 11 11 11 30 30 30 30 30 30 30 30 30 30 30 30 30 31 31 31 9 9 9 9 9 9 9 9 9 9 9 9 9 9 9 9 9 9 9 9 9 9 9 9 9 9 9 9 9 9 9 9 
14 14 14 14 14 14 14 14 14 14 23 23 23 23 24 24 24 24 25 27 27 28 28 28 28 28 28 28 11 11 11 11 30 30 30 30 30 30 30 30 30 30 30 30 31 31 31 31 9 9 9 9 9 9 9 9 9 9 9 9 9 9 9 9 9 9 9 9 9 9 9 9 9 9 9 9 9 9 9 9 
14 14 14 14 14 14 14 14 14 23 23 23 23 23 24 24 24 25 25 27 28 28 28 28 28 28 28 11 11 11 11 30 30 30 30 30 30 30 30 30 30 30 30 31 31 31 31 9 9 9 9 9 9 9 9 9 9 9 9 9 9 9 9 9 9 9 9 9 9 9 9 9 9 9 9 9 9 9 9 9 
14 14 14 14 14 14 14 14 14 23 23 23 23 23 23 24 24 25 25 25 28 28 28 28 28 28 28 11 11 11 11 30 30 30 30 30 30 30 30 30 30 30 30 31 31 31 31 9 9 9 9 9 9 9 9 9 9 9 9 9 9 9 9 9 9 9 9 9 9 9 9 9 9 9 9 9 9 9 9 9 
14 14 14 14 14 14 14 14 23 23 23 23 23 23 23 24 25 25 25 25 28 28 28 28 28 28 11 11 11 11 30 30 30 30 30 30 30 30 30 30 30 30 31 31 31 31 9 9 9 9 9 9 9 9 9 9 9 9 9 9 9 9 9 9 9 9 9 9 9 9 9 9 9 9 9 9 9 9 9 9 
14 14 14 14 14 14 14 23 23 23 23 23 23 23 23 23 25 25 25 25 28 28 28 28 28 28 11 11 11 11 30 30 30 30 30 30 30 30 30 30 30 31 31 31 31 31 9 9 9 9 9 9 9 9 9 9 9 9 9 9 9 9 9 9 9 9 9 9 9 9 9 9 9 9 9 9 9 9 9 9 
14 14 14 14 14 14 23 23 23 23 23 23 23 23 23 23 25 25 25 25 28 28 28 28 28 11 11 11 11 11 30 30 30 30 30 30 30 30 30 30 30 31 31 31 31 9 9 9 9 9 9 9 9 9 9 9 9 9 9 9 9 9 9 9 9 9 9 9 9 9 9 9 9 9 9 9 9 9 9 9 
14 14 14 14 14 23 23 23 23 23 23 23 23 23 23 23 25 25 25 25 28 28 28 28 28 11 11 11 11 30 30 30 30 30 30 30 30 30 30 30 31 31 31 31 31 9 9 9 9 9 9 9 9 9 9 9 9 9 9 9 9 9 9 9 9 9 9 9 9 9 9 9 9 9 9 9 9 9 9 9 
14 14 14 14 14 23 23 23 23 23 23 23 23 23 23 23 25 25 25 25 28 28 28 28 11 11 11 11 11 30 30 30 30 30 30 30 30 30 30 30 31 31 31 31 9 9 9 9 9 9 9 9 9 9 9 9 9 9 9 9 9 9 9 9 9 9 9 9 9 9 9 9 9 9 9 9 9 9 9 9 
14 14 14 14 23 23 23 23 23 23 23 23 23 23 23 23 25 25 25 25 28 28 28 11 11 11 11 11 30 30 30 30 30 30 30 30 30 30 30 31 31 31 31 31 9 9 9 9 9 9 9 9 9 9 9 9 9 9 9 9 9 9 9 9 9 9 9 9 9 9 9 9 9 9 9 9 9 9 9 9 
14 14 14 23 23 23 23 23 23 23 23 23 23 23 23 23 25 25 25 25 28 28 28 11 11 11 11 11 30 30 30 30 30 30 30 30 30 30 31 31 31 31 31 9 9 9 9 9 9 9 9 9 9 9 9 9 9 9 9 9 9 9 9 9 9 9 9 9 9 9 9 9 9 9 9 9 9 9 9 9 
14 14 23 23 23 23 23 23 23 23 23 23 23 23 23 23 25 25 25 25 28 28 11 11 11 11 11 11 30 30 30 30 30 30 30 30 30 30 31 31 31 31 9 9 9 9 9 9 9 9 9 9 9 9 9 9 9 9 9 9 9 9 9 9 9 9 9 9 9 9 9 9 9 9 9 9 9 9 9 9 
14 23 23 23 23 23 23 23 23 23 23 23 23 23 23 23 25 25 25 25 28 28 11 11 11 11 11 30 30 30 30 30 30 30 30 30 30 31 31 31 31 31 9 9 9 9 9 9 9 9 9 9 9 9 9 9 9 9 9 9 9 9 9 9 9 9 9 9 9 9 9 9 9 9 9 9 9 9 9 9 
14 23 23 23 23 23 23 23 23 23 23 23 23 23 23 23 25 25 12 12 28 11 11 11 11 11 11 30 30 30 30 30 30 30 30 30 31 31 31 31 31 9 9 9 9 9 9 9 9 9 9 9 9 9 9 9 9 9 9 9 9 9 9 9 9 9 9 9 9 9 9 9 9 9 9 9 9 9 9 9 
23 23 23 23 23 23 23 23 23 23 23 23 23 23 23 23 12 12 12 12 12 11 11 11 11 11 11 30 30 30 30 30 30 30 30 30 31 31 31 31 31 9 9 9 9 9 9 9 9 9 9 9 9 9 9 9 9 9 9 9 9 9 9 9 9 9 9 9 9 9 9 9 9 9 9 9 9 9 9 9 
23 23 23 23 23 23 23 23 23 23 23 23 23 23 23 23 12 12 12 12 12 11 11 11 11 11 30 30 30 30 30 30 30 30 30 31 31 31 31 31 9 9 9 9 9 9 9 9 9 9 9 9 9 9 9 9 9 9 9 9 9 9 9 9 9 9 9 9 9 9 9 9 9 9 9 9 9 9 9 9 
23 23 23 23 23 23 23 23 23 23 23 23 23 23 23 23 12 12 12 12 12 11 11 11 11 11 30 30 30 30 30 30 30 30 30 31 31 31 31 31 9 9 9 9 9 9 9 9 9 9 9 9 9 9 9 9 9 9 9 9 9 9 9 9 9 9 9 9 9 9 9 9 9 9 9 9 9 9 9 9 
23 23 23 23 23 23 23 23 23 23 23 23 23 23 23 23 12 12 12 12 12 11 11 11 11 30 30 30 30 30 30 30 30 30 31 31 31 31 31 9 9 9 9 9 9 9 9 9 9 9 9 9 9 9 9 9 9 9 9 9 9 9 9 9 9 9 9 9 9 9 9 9 9 9 9 9 9 9 9 9 
23 23 23 23 23 23 23 23 23 23 23 23 23 23 23 12 12 12 12 12 12 11 11 11 11 30 30 30 30 30 30 30 30 31 31 31 31 31 31 9 9 9 9 9 9 9 9 9 9 9 9 9 9 9 9 9 9 9 9 9 9 9 9 9 9 9 9 9 9 9 9 9 9 9 9 9 9 9 9 9 
23 23 23 23 23 23 23 23 23 23 23 23 23 23 23 12 12 12 12 12 12 11 11 11 11 30 30 30 30 30 30 30 30 31 31 31 31 31 9 9 9 9 9 9 9 9 9 9 9 9 9 9 9 9 9 9 9 9 9 9 9 9 9 9 9 9 9 9 9 9 9 9 9 9 9 9 9 9 9 9 
23 23 23 23 23 23 23 23 23 23 23 23 23 23 23 12 12 12 12 12 12 11 11 11 30 30 30 30 30 30 30 30 31 31 31 31 31 31 9 9 9 9 9 9 9 9 9 9 9 9 9 9 9 9 9 9 9 9 9 9 9 9 9 9 9 9 9 9 9 9 9 9 9 9 9 9 9 9 9 9 
23 23 23 23 23 23 23 23 23 23 23 23 23 23 23 12 12 12 12 12 12 29 11 11 30 30 30 30 30 30 30 31 31 31 31 31 31 9 9 9 9 9 9 9 9 9 9 9 9 9 9 9 9 9 9 9 9 9 9 9 9 9 9 9 9 9 9 9 9 9 9 9 9 9 9 9 9 9 9 9 
23 23 23 23 23 23 23 23 23 23 23 23 23 23 23 12 12 12 12 12 12 29 29 29 30 30 30 30 30 30 30 31 31 31 31 31 31 9 9 9 9 9 9 9 9 9 9 9 9 9 9 9 9 9 9 9 9 9 9 9 9 9 9 9 9 9 9 9 9 9 9 9 9 9 9 9 9 9 9 9 
23 23 23 23 23 23 23 23 23 23 23 23 23 23 23 12 12 12 12 12 12 29 29 29 30 30 30 30 30 30 31 31 31 31 31 31 9 9 9 9 9 9 9 9 9 9 9 9 9 9 9 9 9 9 9 9 9 9 9 9 9 9 9 9 9 9 9 9 9 9 9 9 9 9 9 9 9 9 9 9 
23 23 23 23 23 23 23 23 23 23 23 23 23 23 12 12 12 12 12 12 29 29 29 29 30 30 30 30 30 30 31 31 31 31 31 31 9 9 9 9 9 9 9 9 9 9 9 9 9 9 9 9 9 9 9 9 9 9 9 9 9 9 9 9 9 9 9 9 9 9 9 9 9 9 9 9 9 9 9 9 
23 23 23 23 23 23 23 23 23 23 23 23 23 23 12 12 12 12 12 12 29 29 29 29 30 30 30 30 30 31 31 31 31 31 31 9 9 9 9 9 9 9 9 9 9 9 9 9 9 9 9 9 9 9 9 9 9 9 9 9 9 9 9 9 9 9 9 9 9 9 9 9 9 9 9 9 9 9 9 9 
23 23 23 23 23 23 23 23 23 23 23 23 23 23 16 16 16 12 12 12 29 29 29 29 30 30 30 30 31 31 31 31 31 31 31 9 9 9 9 9 9 9 9 9 9 9 9 9 9 9 9 9 9 9 9 9 9 9 9 9 9 9 9 9 9 9 9 9 9 9 9 9 9 9 9 9 9 9 9 9 
23 23 23 23 23 23 23 23 23 23 23 23 23 16 16 16 16 16 16 29 29 29 29 29 30 30 30 30 31 31 31 31 31 31 9 9 9 9 9 9 9 9 9 9 9 9 9 9 9 9 9 9 9 9 9 9 9 9 9 9 9 9 9 9 9 9 9 9 9 9 9 9 9 9 9 9 9 9 9 9 
23 23 23 23 23 23 23 23 23 23 23 23 23 16 16 16 16 16 16 16 29 29 29 29 30 30 30 31 31 31 31 31 31 31 9 9 9 9 9 9 9 9 9 9 9 9 9 9 9 9 9 9 9 9 9 9 9 9 9 9 9 9 9 9 9 9 9 9 9 9 9 9 9 9 9 9 9 9 9 9 
23 23 23 23 23 23 23 23 23 23 23 23 16 16 16 16 16 16 16 16 29 29 29 29 30 30 31 31 31 31 31 31 31 9 9 9 9 9 9 9 9 9 9 9 9 9 9 9 9 9 9 9 9 9 9 9 9 9 9 9 9 9 9 9 9 9 9 9 9 9 9 9 9 9 9 9 9 9 9 9 
23 23 23 23 23 23 23 23 23 23 23 23 16 16 16 16 16 16 16 16 29 29 29 29 30 30 31 31 31 31 31 31 31 9 9 9 9 9 9 9 9 9 9 9 9 9 9 9 9 9 9 9 9 9 9 9 9 9 9 9 9 9 9 9 9 9 9 9 9 9 9 9 9 9 9 9 9 9 9 9 
23 23 23 23 23 23 23 23 23 23 23 16 16 16 16 16 16 16 16 16 29 29 29 29 30 31 31 31 31 31 31 31 9 9 9 9 9 9 9 9 9 9 9 9 9 9 9 9 9 9 9 9 9 9 9 9 9 9 9 9 9 9 9 9 9 9 9 9 9 9 9 9 9 9 9 9 9 9 9 9 
23 23 23 23 23 23 23 23 23 23 16 16 16 16 16 16 16 16 16 16 29 29 29 29 30 31 31 31 31 31 31 9 9 9 9 9 9 9 9 9 9 9 9 9 9 9 9 9 9 9 9 9 9 9 9 9 9 9 9 9 9 9 9 9 9 9 9 9 9 9 9 9 9 9 9 9 9 9 9 9 
23 23 23 23 23 23 23 23 23 23 16 16 16 16 16 16 16 16 16 16 16 29 29 29 17 31 31 31 31 31 31 9 9 9 9 9 9 9 9 9 9 9 9 9 9 9 9 9 9 9 9 9 9 9 9 9 9 9 9 9 9 9 9 9 9 9 9 9 9 9 9 9 9 9 9 9 9 9 9 9 
23 23 23 23 23 23 23 23 23 16 16 16 16 16 16 16 16 16 16 16 16 29 29 17 17 31 31 31 31 31 9 9 9 9 9 9 9 9 9 9 9 9 9 9 9 9 9 9 9 9 9 9 9 9 9 9 9 9 9 9 9 9 9 9 9 9 9 9 9 9 9 9 9 9 9 9 9 9 9 9 
23 23 23 23 23 23 23 23 23 16 16 16 16 16 16 16 16 16 16 16 16 29 17 17 17 31 31 31 31 31 9 9 9 9 9 9 9 9 9 9 9 9 9 9 9 9 9 9 9 9 9 9 9 9 9 9 9 9 9 9 9 9 9 9 9 9 9 9 9 9 9 9 9 9 9 9 9 9 9 9 
23 23 23 23 23 23 23 23 16 16 16 16 16 16 16 16 16 16 16 16 16 17 17 17 17 31 31 31 31 9 9 9 9 9 9 9 9 9 9 9 9 9 9 9 9 9 9 9 9 9 9 9 9 9 9 9 9 9 9 9 9 9 9 9 9 9 9 9 9 9 9 9 9 9 9 9 9 9 9 9 
23 23 23 23 23 23 23 23 16 16 16 16 16 16 16 16 16 16 16 16 16 17 17 17 17 31 31 31 31 9 9 9 9 9 9 9 9 9 9 9 9 9 9 9 9 9 9 9 9 9 9 9 9 9 9 9 9 9 9 9 9 9 9 9 9 9 9 9 9 9 9 9 9 9 9 9 9 9 9 9 
23 23 23 23 23 23 23 16 16 16 16 16 16 16 16 16 16 16 16 16 16 17 17 17 17 17 31 31 9 9 9 9 9 9 9 9 9 9 9 9 9 9 9 9 9 9 9 9 9 9 9 9 9 9 9 9 9 9 9 9 9 9 9 9 9 9 9 9 9 9 9 9 9 9 9 9 9 9 9 9 
23 23 23 23 23 23 23 16 16 16 16 16 16 16 16 16 16 16 16 16 16 17 17 17 17 17 31 31 9 9 9 9 9 9 9 9 9 9 9 9 9 9 9 9 9 9 9 9 9 9 9 9 9 9 9 9 9 9 9 9 9 9 9 9 9 9 9 9 9 9 9 9 9 9 9 9 9 9 9 9 
23 23 23 23 23 23 16 16 16 16 16 16 16 16 16 16 16 16 16 16 16 17 17 17 17 17 31 9 9 9 9 9 9 9 9 9 9 9 9 9 9 9 9 9 9 9 9 9 9 9 9 9 9 9 9 9 9 9 9 9 9 9 9 9 9 9 9 9 9 9 9 9 9 9 9 9 9 9 9 9 
23 23 23 23 23 23 16 16 16 16 16 16 16 16 16 16 16 16 16 16 16 17 17 17 17 17 31 9 9 9 9 9 9 9 9 9 9 9 9 9 9 9 9 9 9 9 9 9 9 9 9 9 9 9 9 9 9 9 9 9 9 9 9 9 9 9 9 9 9 9 9 9 9 9 9 9 9 9 9 9 
23 23 23 23 23 16 16 16 16 16 16 16 16 16 16 16 16 16 16 16 16 17 17 17 17 17 9 9 9 9 9 9 9 9 9 9 9 9 9 9 9 9 9 9 9 9 9 9 9 9 9 9 9 9 9 9 9 9 9 9 9 9 9 9 9 9 9 9 9 9 9 9 9 9 9 9 9 9 9 9 
23 23 23 23 23 16 16 16 16 16 16 16 16 16 16 16 16 16 16 16 17 17 17 17 17 17 9 9 9 9 9 9 9 9 9 9 9 9 9 9 9 9 9 9 9 9 9 9 9 9 9 9 9 9 9 9 9 9 9 9 9 9 9 9 9 9 9 9 9 9 9 9 9 9 9 9 9 9 9 9 
23 23 23 23 16 16 16 16 16 16 16 16 16 16 16 16 16 16 16 16 17 17 17 17 17 17 9 9 9 9 9 9 9 9 9 9 9 9 9 9 9 9 9 9 9 9 9 9 9 9 9 9 9 9 9 9 9 9 9 9 9 9 9 9 9 9 9 9 9 9 9 9 9 9 9 9 9 9 9 9 
23 23 23 16 16 16 16 16 16 16 16 16 16 16 16 16 16 16 16 16 17 17 17 17 17 17 9 9 9 9 9 9 9 9 9 9 9 9 9 9 9 9 9 9 9 9 9 9 9 9 9 9 9 9 9 9 9 9 9 9 9 9 9 9 9 9 9 9 9 9 9 9 9 9 9 9 9 9 9 9 
23 23 23 16 16 16 16 16 16 16 16 16 16 16 16 16 16 16 16 16 17 17 17 17 17 17 9 9 9 9 9 9 9 9 9 9 9 9 9 9 9 9 9 9 9 9 9 9 9 9 9 9 9 9 9 9 9 9 9 9 9 9 9 9 9 9 9 9 9 9 9 9 9 9 9 9 9 9 9 9 
23 23 16 16 16 16 16 16 16 16 16 16 16 16 16 16 16 16 16 16 17 17 17 17 17 17 9 9 9 9 9 9 9 9 9 9 9 9 9 9 9 9 9 9 9 9 9 9 9 9 9 9 9 9 9 9 9 9 9 9 9 9 9 9 9 9 9 9 9 9 9 9 9 9 9 9 9 9 9 9 
23 23 16 16 16 16 16 16 16 16 16 16 16 16 16 16 16 16 16 16 17 17 17 17 17 17 9 9 9 9 9 9 9 9 9 9 9 9 9 9 9 9 9 9 9 9 9 9 9 9 9 9 9 9 9 9 9 9 9 9 9 9 9 9 9 9 9 9 9 9 9 9 9 9 9 9 9 9 9 9 
