0 2 4 4 5 7 7 8 9 10 11 11 11 16 16 16 18 20 20 23 23 23 23 26 26 26 26 26 31 31 31 31 31 31 31 31 31 31 31 31 
0 2 4 4 5 7 7 8 9 10 11 11 11 16 16 16 18 20 20 23 23 23 23 26 26 26 26 26 31 31 31 31 31 31 31 31 31 31 31 31 
0 2 4 4 5 7 7 8 9 10 11 11 11 16 16 16 18 20 20 23 23 23 23 26 26 26 26 31 31 31 31 31 31 31 31 31 31 31 31 31 
1 2 4 4 5 7 7 8 9 10 11 11 11 16 16 16 18 20 20 23 23 23 23 26 26 26 26 31 31 31 31 31 31 31 31 31 31 31 31 31 
1 2 4 4 5 7 7 8 9 10 11 11 11 16 16 16 18 20 20 23 23 23 23 26 26 26 26 31 31 31 31 31 31 31 31 31 31 31 31 31 
1 2 4 4 5 7 7 8 9 10 11 11 11 16 16 16 18 20 20 23 23 23 23 26 26 26 26 31 31 31 31 31 31 31 31 31 31 31 31 31 
1 2 4 4 5 7 7 8 9 10 11 11 11 16 16 16 18 20 20 23 23 23 23 26 26 26 26 31 31 31 31 31 31 31 31 31 31 31 31 31 
1 2 4 4 5 7 7 8 9 10 11 11 11 16 16 16 18 20 20 23 23 23 23 26 26 26 26 31 31 31 31 31 31 31 31 31 31 31 31 31 
1 2 4 5 5 7 8 8 9 10 11 11 11 16 16 16 18 20 20 23 23 23 23 26 26 26 26 31 31 31 31 31 31 31 31 31 31 31 31 31 
1 3 4 5 5 7 8 8 9 10 11 11 11 16 16 16 18 20 20 23 23 23 23 26 26 26 26 31 31 31 31 31 31 31 31 31 31 31 31 31 
1 3 4 5 5 7 8 8 9 10 11 11 11 16 16 16 18 20 20 23 23 23 23 26 26 26 26 31 31 31 31 31 31 31 31 31 31 31 31 31 
1 3 4 5 5 7 8 8 9 10 11 11 11 16 16 16 18 20 20 23 23 23 23 26 26 26 26 31 31 31 31 31 31 31 31 31 31 31 31 31 
1 3 4 5 5 7 8 8 9 10 11 11 11 16 16 16 18 20 20 23 23 23 23 26 26 26 26 31 31 31 31 31 31 31 31 31 31 31 31 31 
1 3 4 5 5 7 8 8 9 10 11 11 11 16 16 16 18 20 20 23 23 23 23 26 26 26 26 31 31 31 31 31 31 31 31 31 31 31 31 31 
1 3 4 5 7 7 8 8 9 10 11 11 11 16 16 18 18 20 20 23 23 23 23 26 26 26 26 31 31 31 31 31 31 31 31 31 31 31 31 31 
3 3 6 5 7 7 8 8 9 10 11 11 11 16 16 18 18 20 20 23 23 23 23 26 26 26 26 31 31 31 31 31 31 31 31 31 31 31 31 31 
3 3 6 5 7 7 8 9 9 10 11 11 11 16 16 18 18 20 20 23 23 23 23 26 26 26 26 31 31 31 31 31 31 31 31 31 31 31 31 31 
3 3 6 5 7 7 8 9 9 10 11 11 16 16 16 18 18 20 20 23 23 23 26 26 26 26 26 31 31 31 31 31 31 31 31 31 31 31 31 31 
3 3 6 5 7 7 8 9 9 10 11 11 16 16 16 18 18 20 22 23 23 23 26 26 26 26 26 31 31 31 31 31 31 31 31 31 31 31 31 31 
3 3 6 5 7 7 8 9 9 10 11 11 16 16 16 18 20 20 22 23 23 23 26 26 26 26 26 31 31 31 31 31 31 31 31 31 31 31 31 31 
3 3 6 5 7 7 8 9 9 10 11 11 16 16 16 18 20 20 22 23 23 23 26 26 26 26 26 31 31 31 31 31 31 31 31 31 31 31 31 31 
3 3 6 5 7 7 8 9 9 10 11 11 16 16 16 18 20 20 22 23 23 23 26 26 26 26 26 31 31 31 31 31 31 31 31 31 31 31 31 31 
3 6 6 5 7 7 8 9 9 10 11 11 16 16 16 18 20 20 22 23 23 23 26 26 26 26 26 31 31 31 31 31 31 31 31 31 31 31 31 31 
3 6 6 5 7 7 8 9 9 10 11 11 16 16 16 18 20 20 22 23 23 23 26 26 26 26 31 31 31 31 31 31 31 31 31 31 31 31 31 31 
3 6 6 5 7 7 8 9 9 10 11 11 16 16 16 18 20 20 22 23 23 23 26 26 26 26 31 31 31 31 31 31 31 31 31 31 31 31 31 31 
3 6 6 5 7 7 8 9 10 10 11 11 16 16 16 18 20 20 22 23 23 23 26 26 26 26 31 31 31 31 31 31 31 31 31 31 31 31 31 31 
3 6 6 5 7 8 8 9 10 10 11 11 16 16 16 18 20 20 22 23 23 23 26 26 26 26 31 31 31 31 31 31 31 31 31 31 31 31 31 31 
3 6 6 5 7 8 8 9 10 10 11 11 16 16 16 18 20 20 22 23 23 23 26 26 26 26 31 31 31 31 31 31 31 31 31 31 31 31 31 31 
3 6 6 5 7 8 8 9 10 11 11 11 16 16 16 18 20 20 22 23 23 23 26 26 26 26 31 31 31 31 31 31 31 31 31 31 31 31 31 31 
3 6 6 5 7 8 8 9 10 11 11 11 16 16 16 18 20 20 22 23 23 23 26 26 26 26 31 31 31 31 31 31 31 31 31 31 31 31 31 31 
3 6 6 5 7 8 8 9 10 11 11 11 16 16 16 18 20 20 22 23 23 23 26 26 26 26 31 31 31 31 31 31 31 31 31 31 31 31 31 31 
3 6 6 5 7 8 8 9 10 11 11 11 16 16 18 18 20 20 22 23 23 23 26 26 26 26 31 31 31 31 31 31 31 31 31 31 31 31 31 31 
3 6 6 7 7 8 8 9 10 11 11 11 16 16 18 18 20 20 23 23 23 23 26 26 26 26 31 31 31 31 31 31 31 31 31 31 31 31 31 31 
3 6 6 7 7 8 8 9 10 11 11 11 16 16 18 18 20 20 23 23 23 23 26 26 26 26 31 31 31 31 31 31 31 31 31 31 31 31 31 31 
3 6 6 7 7 8 8 9 10 11 11 11 16 16 18 18 20 20 23 23 23 23 26 26 26 26 31 31 31 31 31 31 31 31 31 31 31 31 31 31 
6 6 6 7 7 8 8 9 10 11 11 16 16 16 18 18 20 20 23 23 23 23 26 26 26 26 31 31 31 31 31 31 31 31 31 31 31 31 31 31 
6 6 6 7 7 8 8 9 10 11 11 16 16 16 18 18 20 22 23 23 23 23 26 26 26 26 31 31 31 31 31 31 31 31 31 31 31 31 31 31 
6 6 6 7 7 8 8 9 10 11 11 16 16 16 18 18 20 22 23 23 23 23 26 26 26 26 31 31 31 31 31 31 31 31 31 31 31 31 31 31 
6 6 6 7 7 8 8 9 10 11 11 16 16 16 18 18 20 22 23 23 23 23 26 26 26 26 31 31 31 31 31 31 31 31 31 31 31 31 31 31 
6 6 6 7 7 8 8 9 10 11 11 16 16 16 18 18 20 22 23 23 23 23 26 26 26 26 31 31 31 31 31 31 31 31 31 31 31 31 31 31 
6 6 6 7 12 12 8 9 10 11 11 16 16 16 18 20 20 22 23 23 23 23 26 26 26 26 31 31 31 31 31 31 31 31 31 31 31 31 31 31 
6 6 6 7 12 12 8 9 10 11 11 16 16 16 18 20 20 22 23 23 23 26 26 26 26 26 31 31 31 31 31 31 31 31 31 31 31 31 31 31 
6 6 6 7 12 12 12 9 10 11 11 16 16 16 18 20 20 22 23 23 23 26 26 26 26 29 31 31 31 31 31 31 31 31 31 31 31 31 31 31 
6 6 6 7 12 12 12 9 10 11 11 16 16 16 18 20 20 22 23 23 23 26 26 26 26 29 31 31 31 31 31 31 31 31 31 31 31 31 31 31 
6 6 6 7 12 12 12 9 10 11 11 16 16 16 18 20 20 22 23 23 23 26 26 26 26 29 31 31 31 31 31 31 31 31 31 31 31 31 31 31 
6 6 6 12 12 12 12 9 10 11 14 16 16 16 18 20 20 22 23 23 23 26 26 26 26 29 31 31 31 31 31 31 31 31 31 31 31 31 31 31 
6 6 6 12 12 12 12 9 10 11 14 16 16 16 18 20 20 22 23 23 23 26 26 26 26 29 31 31 31 31 31 31 31 31 31 31 31 31 31 31 
6 6 6 12 12 12 12 13 10 11 14 16 16 18 18 20 20 22 23 23 23 26 26 26 26 29 31 31 31 31 31 31 31 31 31 31 31 31 31 31 
6 6 6 12 12 12 12 13 13 11 14 16 16 18 18 20 20 22 23 23 23 26 26 26 26 29 31 31 31 31 31 31 31 31 31 31 31 31 31 31 
6 6 6 12 12 12 12 13 13 11 14 16 16 18 18 20 20 22 23 23 23 26 26 26 26 29 31 31 31 31 31 31 31 31 31 31 31 31 31 31 
6 6 6 12 12 12 12 13 13 15 14 16 16 18 18 20 20 22 23 23 23 26 26 26 26 29 31 31 31 31 31 31 31 31 31 31 31 31 31 31 
6 6 12 12 12 12 12 13 13 15 14 16 16 18 18 20 20 22 23 23 23 26 26 26 26 31 31 31 31 31 31 31 31 31 31 31 31 31 31 31 
6 6 12 12 12 12 12 13 13 15 14 16 16 18 18 20 20 22 23 23 23 26 26 26 26 31 31 31 31 31 31 31 31 31 31 31 31 31 31 31 
6 6 12 12 12 12 12 13 13 15 14 16 16 18 18 20 20 22 23 23 23 26 26 26 26 31 31 31 31 31 31 31 31 31 31 31 31 31 31 31 
6 6 12 12 12 12 12 13 13 15 14 16 16 18 18 20 20 22 23 23 23 26 26 26 26 31 31 31 31 31 31 31 31 31 31 31 31 31 31 31 
6 6 12 12 12 12 12 13 13 15 14 16 16 18 18 20 22 22 23 23 23 26 26 26 26 31 31 31 31 31 31 31 31 31 31 31 31 31 31 31 
6 6 12 12 12 12 12 13 13 15 14 16 16 18 18 20 22 22 23 23 23 26 26 26 26 31 31 31 31 31 31 31 31 31 31 31 31 31 31 31 
6 6 12 12 12 12 12 13 13 15 14 16 16 18 18 20 22 22 23 23 23 26 26 26 26 31 31 31 31 31 31 31 31 31 31 31 31 31 31 31 
6 6 12 12 12 12 12 13 13 15 14 16 16 18 18 20 22 22 23 23 23 26 26 26 26 31 31 31 31 31 31 31 31 31 31 31 31 31 31 31 
6 6 12 12 12 12 12 13 13 15 14 16 17 18 18 20 22 22 23 23 23 26 26 26 29 31 31 31 31 31 31 31 31 31 31 31 31 31 31 31 
6 6 12 12 12 12 12 13 13 15 14 16 17 18 18 20 22 22 23 23 23 26 26 26 29 31 31 31 31 31 31 31 31 31 31 31 31 31 31 31 
6 6 12 12 12 12 12 13 13 15 14 16 17 18 18 20 22 22 23 23 23 26 26 26 29 31 31 31 31 31 31 31 31 31 31 31 31 31 31 31 
6 12 12 12 12 12 12 13 13 15 14 16 17 18 20 20 22 22 23 23 23 26 26 26 29 31 31 31 31 31 31 31 31 31 31 31 31 31 31 31 
6 12 12 12 12 12 12 13 21 15 14 16 17 18 20 20 22 22 23 23 23 26 26 26 29 31 31 31 31 31 31 31 31 31 31 31 31 31 31 31 
6 12 12 12 12 12 12 13 21 15 19 16 17 18 20 20 22 22 23 23 23 26 26 26 29 31 31 31 31 31 31 31 31 31 31 31 31 31 31 31 
6 12 12 12 12 12 12 21 21 15 19 19 17 18 20 20 22 23 23 23 26 26 26 26 29 31 31 31 31 31 31 31 31 31 31 31 31 31 31 31 
6 12 12 12 12 12 12 21 21 15 19 19 17 18 20 20 22 23 23 23 26 26 26 26 29 31 31 31 31 31 31 31 31 31 31 31 31 31 31 31 
6 12 12 12 12 12 12 21 21 21 19 19 17 18 20 20 22 23 23 23 26 26 26 26 29 31 31 31 31 31 31 31 31 31 31 31 31 31 31 31 
6 12 12 12 12 12 12 21 21 21 19 19 17 18 20 20 22 23 23 23 26 26 26 26 29 31 31 31 31 31 31 31 31 31 31 31 31 31 31 31 
6 12 12 12 12 12 21 21 21 21 19 19 17 18 20 20 22 23 23 23 26 26 26 26 29 31 31 31 31 31 31 31 31 31 31 31 31 31 31 31 
6 12 12 12 12 12 21 21 21 21 19 19 17 18 20 20 22 23 23 23 26 26 26 26 29 31 31 31 31 31 31 31 31 31 31 31 31 31 31 31 
6 12 12 12 12 12 21 21 21 21 19 19 17 18 20 20 22 23 23 23 26 26 26 26 29 31 31 31 31 31 31 31 31 31 31 31 31 31 31 31 
6 12 12 12 12 12 21 21 21 21 19 19 17 18 20 20 22 23 23 23 26 26 26 26 29 31 31 31 31 31 31 31 31 31 31 31 31 31 31 31 
12 12 12 12 12 12 21 21 21 21 19 19 17 18 20 22 22 23 23 23 26 26 26 26 29 31 31 31 31 31 31 31 31 31 31 31 31 31 31 31 
12 12 12 12 12 12 21 21 21 21 19 19 17 18 20 22 22 23 23 23 26 26 26 26 29 31 31 31 31 31 31 31 31 31 31 31 31 31 31 31 
12 12 12 12 12 12 21 21 21 21 19 19 17 18 20 22 22 23 23 23 26 26 26 26 29 31 31 31 31 31 31 31 31 31 31 31 31 31 31 31 
12 12 12 12 12 12 21 21 21 21 19 19 17 18 20 22 22 23 23 23 26 26 26 29 29 31 31 31 31 31 31 31 31 31 31 31 31 31 31 31 
12 12 12 12 12 12 21 21 21 21 19 19 24 18 20 22 22 23 23 23 26 26 26 29 29 31 31 31 31 31 31 31 31 31 31 31 31 31 31 31 
12 12 12 12 12 12 21 21 21 21 19 19 24 24 20 22 22 23 23 23 26 26 26 29 29 31 31 31 31 31 31 31 31 31 31 31 31 31 31 31 
12 12 12 12 12 12 21 21 21 21 19 19 24 24 20 22 22 23 23 23 26 26 26 29 29 31 31 31 31 31 31 31 31 31 31 31 31 31 31 31 
12 12 12 12 12 21 21 21 21 21 19 19 24 24 20 22 22 23 23 23 26 26 26 29 29 31 31 31 31 31 31 31 31 31 31 31 31 31 31 31 
12 12 12 12 12 21 21 21 21 21 19 19 24 24 20 22 22 23 23 23 26 26 26 29 29 31 31 31 31 31 31 31 31 31 31 31 31 31 31 31 
12 12 12 12 12 21 21 21 21 21 19 19 24 24 20 22 22 23 23 23 26 26 26 29 29 31 31 31 31 31 31 31 31 31 31 31 31 31 31 31 
12 12 12 12 12 21 21 21 21 21 19 19 24 24 20 22 22 23 23 23 26 26 26 29 29 31 31 31 31 31 31 31 31 31 31 31 31 31 31 31 
12 12 12 12 12 21 21 21 21 21 19 19 24 24 25 22 22 23 23 23 26 26 26 29 31 31 31 31 31 31 31 31 31 31 31 31 31 31 31 31 
12 12 12 12 12 21 21 21 21 21 19 24 24 24 25 22 22 23 23 23 26 26 26 29 31 31 31 31 31 31 31 31 31 31 31 31 31 31 31 31 
12 12 12 12 12 21 21 21 21 21 19 24 24 24 25 22 22 23 23 23 26 26 26 29 31 31 31 31 31 31 31 31 31 31 31 31 31 31 31 31 
12 12 12 12 12 21 21 21 21 21 19 24 24 24 25 25 22 23 23 28 26 26 26 29 31 31 31 31 31 31 31 31 31 31 31 31 31 31 31 31 
12 12 12 12 12 21 21 21 21 21 19 24 24 24 25 25 22 23 23 28 26 26 26 29 31 31 31 31 31 31 31 31 31 31 31 31 31 31 31 31 
12 12 12 12 12 21 21 21 21 21 19 24 24 24 25 25 22 23 23 28 26 26 26 29 31 31 31 31 31 31 31 31 31 31 31 31 31 31 31 31 
12 12 12 12 12 21 21 21 21 21 19 24 24 24 25 25 27 23 23 28 26 26 26 29 31 31 31 31 31 31 31 31 31 31 31 31 31 31 31 31 
12 12 12 12 21 21 21 21 21 21 19 24 24 24 25 25 27 23 23 28 26 26 26 29 31 31 31 31 31 31 31 31 31 31 31 31 31 31 31 31 
12 12 12 12 21 21 21 21 21 21 19 24 24 24 25 25 27 23 23 28 26 26 29 29 31 31 31 31 31 31 31 31 31 31 31 31 31 31 31 31 
12 12 12 12 21 21 21 21 21 21 19 24 24 24 25 25 27 23 23 28 26 26 29 29 31 31 31 31 31 31 31 31 31 31 31 31 31 31 31 31 
12 12 12 12 21 21 21 21 21 21 19 24 24 24 25 25 27 27 28 28 26 26 29 29 31 31 31 31 31 31 31 31 31 31 31 31 31 31 31 31 
12 12 12 12 21 21 21 21 21 21 19 24 24 24 25 25 27 27 28 28 26 26 29 29 31 31 31 31 31 31 31 31 31 31 31 31 31 31 31 31 
12 12 12 12 21 21 21 21 21 21 19 24 24 24 25 25 27 27 28 28 26 26 29 29 31 31 31 31 31 31 31 31 31 31 31 31 31 31 31 31 
12 12 12 12 21 21 21 21 21 21 19 24 24 24 25 25 27 27 28 28 26 26 29 29 31 31 31 31 31 31 31 31 31 31 31 31 31 31 31 31 
12 12 12 12 21 21 21 21 21 21 24 24 24 24 25 25 27 27 28 28 26 26 29 29 31 31 31 31 31 31 31 31 31 31 31 31 31 31 31 31 
12 12 12 12 21 21 21 21 21 21 24 24 24 24 25 25 27 27 28 28 26 26 29 29 31 31 31 31 31 31 31 31 31 31 31 31 31 31 31 31 
12 12 12 12 21 21 21 21 21 21 24 24 24 25 25 25 27 27 28 28 26 26 29 29 31 31 31 31 31 31 31 31 31 31 31 31 31 31 31 31 
12 12 12 12 21 21 21 21 21 21 24 24 24 25 25 25 27 27 28 28 26 26 29 29 31 31 31 31 31 31 31 31 31 31 31 31 31 31 31 31 
12 12 12 12 21 21 21 21 21 21 24 24 24 25 25 25 27 27 28 28 26 26 29 29 31 31 31 31 31 31 31 31 31 31 31 31 31 31 31 31 
12 12 12 21 21 21 21 21 21 21 24 24 24 25 25 25 27 27 28 28 26 26 29 29 31 31 31 31 31 31 31 31 31 31 31 31 31 31 31 31 
12 12 12 21 21 21 21 21 21 21 24 24 24 25 25 25 27 27 28 28 26 26 29 29 31 31 31 31 31 31 31 31 31 31 31 31 31 31 31 31 
12 12 12 21 21 21 21 21 21 21 24 24 24 25 25 25 27 27 28 28 30 30 29 29 31 31 31 31 31 31 31 31 31 31 31 31 31 31 31 31 
12 12 12 21 21 21 21 21 21 21 24 24 24 25 25 25 27 27 28 28 30 30 29 29 31 31 31 31 31 31 31 31 31 31 31 31 31 31 31 31 
12 12 12 21 21 21 21 21 21 21 24 24 24 25 25 25 27 27 28 28 30 30 29 29 31 31 31 31 31 31 31 31 31 31 31 31 31 31 31 31 
12 12 12 21 21 21 21 21 21 21 24 24 24 25 25 25 27 27 28 28 30 30 29 29 31 31 31 31 31 31 31 31 31 31 31 31 31 31 31 31 
12 12 12 21 21 21 21 21 21 21 24 24 24 25 25 27 27 27 28 28 30 30 29 29 31 31 31 31 31 31 31 31 31 31 31 31 31 31 31 31 
12 12 12 21 21 21 21 21 21 21 24 24 24 25 25 27 27 27 28 28 30 30 29 29 31 31 31 31 31 31 31 31 31 31 31 31 31 31 31 31 
12 12 12 21 21 21 21 21 21 21 24 24 24 25 25 27 27 27 28 28 30 30 29 29 31 31 31 31 31 31 31 31 31 31 31 31 31 31 31 31 
12 12 12 21 21 21 21 21 21 21 24 24 24 25 25 27 27 27 28 28 30 30 29 29 31 31 31 31 31 31 31 31 31 31 31 31 31 31 31 31 
12 12 12 21 21 21 21 21 21 21 24 24 24 25 25 27 27 27 28 28 30 30 29 29 31 31 31 31 31 31 31 31 31 31 31 31 31 31 31 31 
12 12 21 21 21 21 21 21 21 21 24 24 24 25 25 27 27 27 28 28 30 30 29 29 31 31 31 31 31 31 31 31 31 31 31 31 31 31 31 31 
12 12 21 21 21 21 21 21 21 21 24 24 24 25 25 27 27 27 28 30 30 30 29 29 31 31 31 31 31 31 31 31 31 31 31 31 31 31 31 31 
12 12 21 21 21 21 21 21 21 21 24 24 24 25 25 27 27 27 28 30 30 30 29 29 31 31 31 31 31 31 31 31 31 31 31 31 31 31 31 31 
12 12 21 21 21 21 21 21 21 21 24 24 24 25 25 27 27 27 28 30 30 30 29 29 31 31 31 31 31 31 31 31 31 31 31 31 31 31 31 31 
12 12 21 21 21 21 21 21 21 21 24 24 24 25 25 27 27 27 28 30 30 30 29 31 31 31 31 31 31 31 31 31 31 31 31 31 31 31 31 31 
12 12 21 21 21 21 21 21 21 21 24 24 24 25 25 27 27 27 28 30 30 30 29 31 31 31 31 31 31 31 31 31 31 31 31 31 31 31 31 31 
