0 0 0 0 0 0 0 0 0 0 0 0 0 0 0 0 0 0 0 0 0 0 0 0 0 0 0 0 0 0 0 0 0 0 0 0 0 0 0 0 0 0 0 0 0 0 0 0 0 0 
494085 488755 0 0 0 0 0 0 0 0 0 0 0 0 0 0 0 0 0 0 0 0 0 0 0 0 0 0 0 0 0 0 0 0 0 0 0 0 0 0 0 0 0 0 0 0 0 0 0 0 
554500 548737 0 0 0 0 0 0 0 0 0 0 0 0 0 0 0 0 0 0 0 0 0 0 0 0 0 0 0 0 0 0 0 0 0 0 0 0 0 0 0 0 0 0 0 0 0 0 0 0 
332618 335009 70 3484 0 0 0 0 0 0 0 0 0 0 0 0 0 0 0 0 0 0 0 0 0 0 0 0 0 0 0 0 0 0 0 0 0 0 0 0 0 0 0 0 0 0 0 0 0 0 
168912 185476 266 18223 0 0 0 0 0 0 0 0 0 0 0 0 0 0 0 0 0 0 0 0 0 0 0 0 0 0 0 0 0 0 0 0 0 0 0 0 0 0 0 0 0 0 0 0 0 0 
88367 131346 459 43871 3 39 0 0 0 0 0 0 0 0 0 0 0 0 0 0 0 0 0 0 0 0 0 0 0 0 0 0 0 0 0 0 0 0 0 0 0 0 0 0 0 0 0 0 0 0 
44607 101386 759 58312 11 418 0 0 0 0 0 0 0 0 0 0 0 0 0 0 0 0 0 0 0 0 0 0 0 0 0 0 0 0 0 0 0 0 0 0 0 0 0 0 0 0 0 0 0 0 
22469 78447 2562 57142 32 2404 0 0 0 0 0 0 0 0 0 0 0 0 0 0 0 0 0 0 0 0 0 0 0 0 0 0 0 0 0 0 0 0 0 0 0 0 0 0 0 0 0 0 0 0 
11621 60751 6846 49209 95 7080 0 8 0 0 0 0 0 0 0 0 0 0 0 0 0 0 0 0 0 0 0 0 0 0 0 0 0 0 0 0 0 0 0 0 0 0 0 0 0 0 0 0 0 0 
6281 45127 12719 38680 120 12877 4 93 0 0 0 0 0 0 0 0 0 0 0 0 0 0 0 0 0 0 0 0 0 0 0 0 0 0 0 0 0 0 0 0 0 0 0 0 0 0 0 0 0 0 
3638 32253 17962 29413 130 18007 13 459 0 0 0 0 0 0 0 0 0 0 0 0 0 0 0 0 0 0 0 0 0 0 0 0 0 0 0 0 0 0 0 0 0 0 0 0 0 0 0 0 0 0 
2216 23000 20978 22605 131 21446 35 1384 0 2 0 0 0 0 0 0 0 0 0 0 0 0 0 0 0 0 0 0 0 0 0 0 0 0 0 0 0 0 0 0 0 0 0 0 0 0 0 0 0 0 
1254 15722 21609 17515 115 22249 35 3263 2 11 0 0 0 0 0 0 0 0 0 0 0 0 0 0 0 0 0 0 0 0 0 0 0 0 0 0 0 0 0 0 0 0 0 0 0 0 0 0 0 0 
779 10506 20496 14994 165 20908 60 5551 1 80 0 0 0 0 0 0 0 0 0 0 0 0 0 0 0 0 0 0 0 0 0 0 0 0 0 0 0 0 0 0 0 0 0 0 0 0 0 0 0 0 
561 6949 17402 13780 327 18018 54 7991 4 309 1 1 0 0 0 0 0 0 0 0 0 0 0 0 0 0 0 0 0 0 0 0 0 0 0 0 0 0 0 0 0 0 0 0 0 0 0 0 0 0 
376 4507 14357 13414 814 14480 62 9588 12 813 0 2 0 0 0 0 0 0 0 0 0 0 0 0 0 0 0 0 0 0 0 0 0 0 0 0 0 0 0 0 0 0 0 0 0 0 0 0 0 0 
269 2916 11161 12759 1474 11365 56 10617 16 1536 0 13 0 0 0 0 0 0 0 0 0 0 0 0 0 0 0 0 0 0 0 0 0 0 0 0 0 0 0 0 0 0 0 0 0 0 0 0 0 0 
222 1861 7888 11819 2466 8307 37 10362 20 2505 2 53 0 0 0 0 0 0 0 0 0 0 0 0 0 0 0 0 0 0 0 0 0 0 0 0 0 0 0 0 0 0 0 0 0 0 0 0 0 0 
126 1269 5721 10596 3326 6045 46 9531 26 3603 1 192 0 2 0 0 0 0 0 0 0 0 0 0 0 0 0 0 0 0 0 0 0 0 0 0 0 0 0 0 0 0 0 0 0 0 0 0 0 0 
73 850 4193 9117 4199 4522 59 8363 51 4457 9 399 0 4 0 0 0 0 0 0 0 0 0 0 0 0 0 0 0 0 0 0 0 0 0 0 0 0 0 0 0 0 0 0 0 0 0 0 0 0 
85 597 2815 7424 4732 3618 64 7141 53 4818 13 740 0 16 0 0 0 0 0 0 0 0 0 0 0 0 0 0 0 0 0 0 0 0 0 0 0 0 0 0 0 0 0 0 0 0 0 0 0 0 
55 444 1985 5858 4854 3166 84 5687 44 5211 23 1105 2 43 0 0 0 0 0 0 0 0 0 0 0 0 0 0 0 0 0 0 0 0 0 0 0 0 0 0 0 0 0 0 0 0 0 0 0 0 
54 296 1355 4644 4974 2975 123 4421 59 5133 31 1582 3 102 0 0 0 0 0 0 0 0 0 0 0 0 0 0 0 0 0 0 0 0 0 0 0 0 0 0 0 0 0 0 0 0 0 0 0 0 
43 240 922 3570 4613 2964 244 3481 55 4730 38 2166 2 190 0 4 0 0 0 0 0 0 0 0 0 0 0 0 0 0 0 0 0 0 0 0 0 0 0 0 0 0 0 0 0 0 0 0 0 0 
30 221 721 2774 4368 3375 388 2782 49 4508 41 2565 4 375 1 12 0 0 0 0 0 0 0 0 0 0 0 0 0 0 0 0 0 0 0 0 0 0 0 0 0 0 0 0 0 0 0 0 0 0 
28 155 556 2319 3974 3382 600 2135 30 4040 46 3008 14 608 2 28 0 0 0 0 0 0 0 0 0 0 0 0 0 0 0 0 0 0 0 0 0 0 0 0 0 0 0 0 0 0 0 0 0 0 
20 120 426 1686 3409 3469 924 1764 29 3532 51 3247 14 997 0 61 0 2 0 0 0 0 0 0 0 0 0 0 0 0 0 0 0 0 0 0 0 0 0 0 0 0 0 0 0 0 0 0 0 0 
15 128 316 1407 3109 3674 1217 1442 26 3086 38 3206 20 1223 4 137 1 3 0 0 0 0 0 0 0 0 0 0 0 0 0 0 0 0 0 0 0 0 0 0 0 0 0 0 0 0 0 0 0 0 
11 91 265 1116 2714 3797 1554 1310 21 2692 37 3315 29 1667 9 254 1 15 0 0 0 0 0 0 0 0 0 0 0 0 0 0 0 0 0 0 0 0 0 0 0 0 0 0 0 0 0 0 0 0 
18 85 224 918 2257 3535 1999 1192 51 2326 57 3319 27 1967 13 348 0 17 0 0 0 0 0 0 0 0 0 0 0 0 0 0 0 0 0 0 0 0 0 0 0 0 0 0 0 0 0 0 0 0 
23 65 181 773 2102 3584 2312 1350 63 1865 46 3235 36 2270 14 610 2 48 0 3 0 0 0 0 0 0 0 0 0 0 0 0 0 0 0 0 0 0 0 0 0 0 0 0 0 0 0 0 0 0 
12 75 153 596 1692 3367 2700 1434 100 1672 31 2991 37 2605 20 865 4 92 0 2 0 0 0 0 0 0 0 0 0 0 0 0 0 0 0 0 0 0 0 0 0 0 0 0 0 0 0 0 0 0 
9 64 140 479 1487 3024 2829 1725 188 1398 16 2666 34 2758 27 1173 7 180 0 12 0 0 0 0 0 0 0 0 0 0 0 0 0 0 0 0 0 0 0 0 0 0 0 0 0 0 0 0 0 0 
10 49 94 446 1263 2768 3098 1992 311 1209 21 2539 38 2858 26 1458 13 279 0 28 0 1 0 0 0 0 0 0 0 0 0 0 0 0 0 0 0 0 0 0 0 0 0 0 0 0 0 0 0 0 
6 42 89 342 981 2525 3128 2186 467 1059 16 2204 32 2858 23 1757 9 488 0 37 0 0 0 0 0 0 0 0 0 0 0 0 0 0 0 0 0 0 0 0 0 0 0 0 0 0 0 0 0 0 
3 27 57 263 790 2136 3064 2343 667 870 26 1894 31 2694 33 1991 10 662 0 76 0 5 0 0 0 0 0 0 0 0 0 0 0 0 0 0 0 0 0 0 0 0 0 0 0 0 0 0 0 0 
2 28 51 222 665 1898 2799 2466 925 786 22 1558 25 2634 34 2144 9 806 5 116 0 12 0 0 0 0 0 0 0 0 0 0 0 0 0 0 0 0 0 0 0 0 0 0 0 0 0 0 0 0 
8 19 46 177 506 1551 2487 2711 1088 781 15 1271 15 2418 35 2259 15 1047 5 202 1 13 0 1 0 0 0 0 0 0 0 0 0 0 0 0 0 0 0 0 0 0 0 0 0 0 0 0 0 0 
4 19 50 162 446 1175 2224 2644 1248 720 31 1047 20 2110 30 2162 23 1214 8 278 1 35 0 4 0 0 0 0 0 0 0 0 0 0 0 0 0 0 0 0 0 0 0 0 0 0 0 0 0 0 
3 28 58 148 314 1015 1850 2632 1405 758 48 872 11 1730 24 2186 28 1342 11 382 2 49 0 4 0 0 0 0 0 0 0 0 0 0 0 0 0 0 0 0 0 0 0 0 0 0 0 0 0 0 
2 30 42 117 285 809 1663 2237 1563 781 84 677 21 1407 27 1919 31 1448 11 545 2 75 0 4 0 0 0 0 0 0 0 0 0 0 0 0 0 0 0 0 0 0 0 0 0 0 0 0 0 0 
6 29 30 101 251 656 1336 2172 1616 938 130 495 7 1196 17 1694 20 1445 17 648 5 114 0 9 0 0 0 0 0 0 0 0 0 0 0 0 0 0 0 0 0 0 0 0 0 0 0 0 0 0 
4 15 36 89 214 598 1088 1881 1800 1021 200 444 13 968 21 1572 30 1509 17 756 1 186 0 20 0 2 0 0 0 0 0 0 0 0 0 0 0 0 0 0 0 0 0 0 0 0 0 0 0 0 
5 16 35 89 153 459 1011 1726 1825 1085 272 388 5 847 20 1511 22 1641 23 842 5 257 2 34 0 1 0 0 0 0 0 0 0 0 0 0 0 0 0 0 0 0 0 0 0 0 0 0 0 0 
1 14 22 70 149 378 776 1508 1771 1219 347 366 10 675 20 1355 20 1499 17 924 12 325 1 56 0 2 0 0 0 0 0 0 0 0 0 0 0 0 0 0 0 0 0 0 0 0 0 0 0 0 
2 15 41 72 131 280 702 1358 1619 1404 471 338 5 581 6 1085 21 1388 30 1090 8 389 4 87 0 5 0 0 0 0 0 0 0 0 0 0 0 0 0 0 0 0 0 0 0 0 0 0 0 0 
0 12 23 54 106 291 605 1188 1546 1437 573 371 19 488 14 950 26 1299 16 1157 8 534 2 133 1 11 0 1 0 0 0 0 0 0 0 0 0 0 0 0 0 0 0 0 0 0 0 0 0 0 
0 17 24 46 90 235 503 1092 1491 1508 781 386 26 403 18 827 29 1251 26 1188 14 662 3 151 1 25 0 3 0 0 0 0 0 0 0 0 0 0 0 0 0 0 0 0 0 0 0 0 0 0 
5 12 16 59 97 218 407 984 1487 1538 891 420 46 359 7 749 23 1225 10 1290 15 710 7 252 0 44 0 2 0 0 0 0 0 0 0 0 0 0 0 0 0 0 0 0 0 0 0 0 0 0 
2 12 23 63 89 190 383 860 1340 1571 997 508 64 352 7 657 17 1160 30 1358 15 940 13 341 5 48 0 8 0 0 0 0 0 0 0 0 0 0 0 0 0 0 0 0 0 0 0 0 0 0 
4 9 16 43 83 174 335 737 1283 1550 1099 590 103 261 11 591 22 1092 17 1314 17 988 11 418 2 102 0 9 0 0 0 0 0 0 0 0 0 0 0 0 0 0 0 0 0 0 0 0 0 0 
5 13 12 36 62 162 278 701 1197 1596 1269 695 168 219 2 520 6 1036 10 1290 12 1102 16 542 4 164 0 16 0 1 0 0 0 0 0 0 0 0 0 0 0 0 0 0 0 0 0 0 0 0 
4 4 14 30 59 135 267 640 1084 1592 1443 875 260 206 6 431 11 937 14 1324 25 1170 11 639 6 207 1 32 0 1 0 0 0 0 0 0 0 0 0 0 0 0 0 0 0 0 0 0 0 0 
0 2 12 27 64 143 231 534 965 1591 1395 954 317 240 6 401 6 854 18 1290 22 1291 14 800 6 285 0 60 0 6 0 0 0 0 0 0 0 0 0 0 0 0 0 0 0 0 0 0 0 0 
0 10 17 37 55 98 201 431 876 1391 1503 1087 382 229 12 347 7 671 19 1137 15 1313 10 907 8 358 1 79 2 12 0 0 0 0 0 0 0 0 0 0 0 0 0 0 0 0 0 0 0 0 
0 6 15 36 53 106 177 342 735 1354 1497 1133 460 230 21 268 9 596 14 1073 17 1286 14 950 10 415 4 99 0 11 0 0 0 0 0 0 0 0 0 0 0 0 0 0 0 0 0 0 0 0 
0 9 13 34 48 109 159 293 689 1155 1369 1196 555 275 27 226 3 527 14 921 17 1180 16 980 10 488 2 171 0 21 0 2 0 0 0 0 0 0 0 0 0 0 0 0 0 0 0 0 0 0 
0 7 8 33 45 102 99 257 570 1025 1248 1146 675 330 51 228 3 486 5 844 18 1147 15 1125 15 619 3 203 0 33 1 1 0 0 0 0 0 0 0 0 0 0 0 0 0 0 0 0 0 0 
0 3 5 24 42 79 128 242 459 879 1216 1170 708 364 52 186 9 335 12 699 21 1031 21 1028 5 682 6 245 2 55 0 5 0 0 0 0 0 0 0 0 0 0 0 0 0 0 0 0 0 0 
2 6 5 12 29 54 113 245 395 737 1037 1155 801 372 87 170 7 316 7 589 15 923 8 1019 10 752 5 306 1 85 0 13 0 0 0 0 0 0 0 0 0 0 0 0 0 0 0 0 0 0 
0 2 3 20 27 63 106 182 335 678 957 1054 825 446 94 139 4 253 11 517 19 821 15 890 13 742 3 338 4 101 0 13 0 2 0 1 0 0 0 0 0 0 0 0 0 0 0 0 0 0 
0 6 8 15 28 60 90 158 298 554 821 1028 797 468 151 137 5 212 6 418 3 737 10 874 19 738 7 392 3 127 2 34 0 5 0 1 0 0 0 0 0 0 0 0 0 0 0 0 0 0 
1 9 2 14 24 65 78 148 260 496 728 967 837 515 173 118 8 188 8 345 8 565 13 773 10 745 6 450 7 169 3 30 0 7 0 0 0 0 0 0 0 0 0 0 0 0 0 0 0 0 
1 7 9 12 23 44 69 146 209 399 643 853 807 579 234 141 6 157 4 293 5 566 12 797 7 738 4 456 3 205 2 57 1 7 0 0 0 0 0 0 0 0 0 0 0 0 0 0 0 0 
0 0 5 10 18 45 53 98 151 335 543 827 829 639 287 139 13 153 2 261 4 477 11 670 14 778 7 534 3 226 1 83 0 9 0 1 0 0 0 0 0 0 0 0 0 0 0 0 0 0 
0 2 7 15 23 44 50 97 141 303 505 752 839 649 282 168 21 125 7 202 6 408 4 610 9 761 9 584 9 262 4 74 0 12 0 0 0 0 0 0 0 0 0 0 0 0 0 0 0 0 
0 0 5 13 19 53 54 107 145 254 463 661 766 747 376 190 27 92 2 169 5 340 12 562 10 745 9 587 9 324 2 115 0 33 0 3 0 0 0 0 0 0 0 0 0 0 0 0 0 0 
0 3 4 10 26 30 46 90 107 222 406 687 773 743 404 201 44 90 4 175 6 325 9 545 16 683 8 670 10 359 1 136 0 35 0 6 0 0 0 0 0 0 0 0 0 0 0 0 0 0 
1 3 1 8 14 25 55 67 127 202 374 601 766 735 498 239 63 97 0 149 4 313 4 512 5 738 3 676 10 445 3 196 1 50 0 6 0 0 0 0 0 0 0 0 0 0 0 0 0 0 
0 0 0 8 6 29 26 64 122 186 336 588 720 782 490 269 71 88 1 159 0 275 6 440 14 675 9 697 8 526 4 230 4 95 0 10 0 1 0 0 0 0 0 0 0 0 0 0 0 0 
0 2 2 0 11 21 34 65 103 163 312 529 682 867 588 316 96 112 4 116 1 256 4 434 6 626 9 717 2 570 6 297 3 115 1 17 0 2 0 0 0 0 0 0 0 0 0 0 0 0 
0 1 2 12 11 33 36 41 84 125 283 481 686 822 625 395 124 98 3 115 0 215 2 398 6 582 8 734 9 659 10 322 3 117 3 32 0 5 0 1 0 0 0 0 0 0 0 0 0 0 
0 3 6 7 7 25 25 50 90 134 273 426 629 801 671 452 190 104 8 96 4 203 3 377 3 592 4 776 7 660 4 445 3 169 1 33 0 7 0 0 0 0 0 0 0 0 0 0 0 0 
0 0 4 1 2 19 30 45 67 156 236 385 558 815 709 504 213 105 11 94 2 160 7 363 10 606 9 701 16 713 8 438 2 225 1 64 2 9 0 0 0 0 0 0 0 0 0 0 0 0 
0 1 3 8 6 14 14 55 55 113 197 331 557 738 704 547 266 122 20 80 3 153 1 270 12 505 7 634 5 692 11 515 1 275 0 80 0 18 0 2 0 0 0 0 0 0 0 0 0 0 
0 0 3 6 7 17 28 41 66 109 146 313 521 636 719 538 247 149 34 80 1 136 3 239 8 453 10 650 9 675 8 522 2 288 6 86 1 21 1 1 0 0 0 0 0 0 0 0 0 0 
0 1 1 5 10 16 20 51 59 97 139 267 413 592 681 566 322 165 29 71 1 114 3 251 5 407 6 577 8 668 15 583 3 317 3 128 0 29 0 5 0 0 0 0 0 0 0 0 0 0 
0 0 1 4 5 9 20 42 41 61 128 269 367 550 670 613 355 165 38 62 2 89 6 164 9 349 8 458 10 671 9 559 4 353 4 165 1 29 1 6 0 0 0 0 0 0 0 0 0 0 
0 0 0 1 8 14 20 37 43 70 113 212 281 489 560 558 361 206 50 59 3 99 4 161 8 278 10 424 7 561 9 571 10 366 4 163 1 47 0 12 0 2 0 0 0 0 0 0 0 0 
0 0 4 2 5 6 25 25 59 62 88 176 244 454 531 510 386 231 51 67 4 96 2 162 5 261 9 394 9 542 18 503 8 367 6 194 2 63 0 14 0 3 0 0 0 0 0 0 0 0 
0 0 2 2 3 11 16 19 37 67 86 178 239 410 462 513 391 237 71 57 4 75 3 104 1 209 7 345 4 467 6 474 6 379 5 231 2 88 0 17 0 2 0 0 0 0 0 0 0 0 
0 0 0 2 3 9 12 15 41 62 108 148 202 307 447 525 369 257 85 60 5 56 1 128 2 159 6 306 8 421 8 441 9 407 2 213 2 96 0 28 0 4 0 0 0 0 0 0 0 0 
0 0 0 1 3 5 6 18 27 43 75 121 174 319 382 437 416 296 131 67 10 66 3 91 2 172 7 248 8 360 14 442 8 383 10 264 2 111 3 32 0 8 0 1 0 0 0 0 0 0 
0 0 0 2 3 7 10 12 31 46 61 110 164 235 336 434 397 262 126 73 18 67 0 67 5 157 8 222 10 324 7 442 12 390 4 268 2 131 1 50 0 16 0 2 0 0 0 0 0 0 
0 0 0 2 2 1 6 24 32 52 68 114 144 248 310 433 407 286 148 87 21 39 2 65 1 147 4 204 2 315 5 408 11 364 9 289 8 176 2 46 0 13 0 7 0 0 0 0 0 0 
0 0 1 0 2 4 6 18 29 43 61 86 122 199 279 368 378 325 162 94 18 40 3 59 1 114 5 168 7 304 10 398 11 361 9 273 9 187 2 74 0 32 0 6 0 1 0 0 0 0 
0 0 0 2 1 5 7 4 25 46 54 74 134 199 281 400 381 345 180 102 27 56 4 71 2 123 4 164 4 216 6 372 9 371 6 303 4 194 4 91 1 31 0 6 0 0 0 0 0 0 
0 0 0 0 2 4 6 12 21 37 45 82 132 188 273 375 381 334 217 115 19 46 0 41 3 93 1 158 3 212 2 333 5 376 9 328 2 202 3 99 3 37 0 10 0 0 0 1 0 0 
0 0 0 0 2 6 5 15 25 34 48 71 98 173 232 310 367 382 238 125 33 42 4 55 2 76 3 160 4 225 8 306 4 317 5 352 8 223 2 124 1 47 0 13 0 4 0 0 0 0 
0 0 0 0 1 5 4 6 19 29 41 69 91 119 240 326 372 402 257 159 64 38 3 40 0 83 1 147 4 190 4 262 6 367 5 321 7 272 4 151 0 55 0 19 0 4 0 1 0 0 
0 0 1 0 1 2 7 6 12 22 37 53 78 149 222 336 341 389 247 211 67 45 5 36 0 85 4 117 3 192 8 270 5 343 6 360 7 263 3 144 2 57 1 29 0 6 0 0 0 0 
0 0 0 1 2 0 6 12 20 32 34 45 88 138 216 315 360 392 304 200 85 41 6 37 2 65 1 116 0 174 7 266 4 281 8 377 6 310 5 198 5 76 0 25 0 13 0 1 0 1 
0 0 0 1 1 2 2 11 12 26 43 49 67 134 176 265 365 408 357 212 82 50 4 45 0 50 2 108 0 174 5 254 6 335 8 346 7 323 5 250 2 104 1 35 1 12 0 3 0 0 
0 0 0 0 0 0 8 11 16 26 27 58 73 107 166 272 323 400 322 224 119 70 12 37 2 65 3 89 1 165 2 206 7 313 5 382 2 335 4 267 3 124 2 44 0 9 0 4 0 0 
0 0 0 0 0 5 5 5 19 19 22 43 55 122 149 236 349 364 331 249 138 65 14 45 2 68 1 91 0 127 7 180 6 298 10 333 15 342 4 242 8 141 4 47 2 19 0 2 0 0 
0 0 1 0 1 2 5 11 13 16 29 52 61 105 155 240 284 352 332 295 159 83 18 27 0 58 2 77 3 118 1 185 6 273 9 365 8 348 5 256 7 150 1 60 1 18 1 8 0 3 
0 0 1 2 0 3 4 9 9 19 27 47 56 90 94 200 261 306 326 287 154 100 25 34 2 49 1 65 0 94 5 168 6 221 10 316 10 300 11 265 4 168 1 82 3 28 0 4 0 0 
0 0 0 0 0 1 4 8 11 14 27 32 49 79 110 178 236 297 300 257 178 89 25 39 1 43 4 58 3 99 3 166 5 244 8 292 9 365 6 278 0 174 3 75 0 33 1 4 1 0 
0 0 0 0 0 2 6 5 15 19 22 20 34 56 109 123 213 285 312 260 170 91 33 37 1 29 0 54 4 82 2 154 4 202 9 264 6 277 5 289 4 186 1 102 1 31 0 16 0 3 
0 0 0 0 3 4 2 4 6 5 11 30 38 60 75 150 169 277 294 224 190 102 46 48 2 35 2 51 1 73 1 115 2 157 12 223 4 258 13 236 5 174 5 103 3 48 0 17 0 4

