0 0 0 0 1 1 1 5 5 6 8 8 8 8 8 8 8 8 8 8 8 8 8 12 12 12 12 12 12 12 16 16 16 16 16 16 16 16 16 16 16 16 16 26 26 26 26 26 
0 0 0 1 1 1 5 5 6 6 8 8 8 8 8 8 8 8 8 8 8 8 12 12 12 12 12 12 12 12 16 16 16 16 16 16 16 16 16 16 16 16 16 26 26 26 26 26 
0 0 1 1 1 1 5 5 6 6 8 8 8 8 8 8 8 8 8 8 8 10 12 12 12 12 12 12 12 16 16 16 16 16 16 16 16 16 16 16 16 16 26 26 26 26 26 26 
0 0 1 1 1 5 5 6 6 8 8 8 8 8 8 8 8 8 8 8 8 12 12 12 12 12 12 12 12 16 16 16 16 16 16 16 16 16 16 16 16 19 26 26 26 26 26 26 
0 1 1 1 1 5 5 6 6 8 8 8 8 8 8 8 8 8 8 8 10 12 12 12 12 12 12 12 16 16 16 16 16 16 16 16 16 16 16 16 16 26 26 26 26 26 26 26 
0 1 1 1 5 5 6 6 8 8 8 8 8 8 8 8 8 8 8 10 12 12 12 12 12 12 12 12 16 16 16 16 16 16 16 16 16 16 16 16 19 26 26 26 26 26 26 26 
1 1 1 5 5 5 6 6 8 8 8 8 8 8 8 8 8 8 8 10 12 12 12 12 12 12 12 12 16 16 16 16 16 16 16 16 16 16 16 16 26 26 26 26 26 26 26 26 
1 1 1 5 5 6 6 6 8 8 8 8 8 8 8 8 8 8 10 10 12 12 12 12 12 12 12 16 16 16 16 16 16 16 16 16 16 16 16 19 26 26 26 26 26 26 26 26 
1 1 5 5 5 6 6 8 8 8 8 8 8 8 8 8 8 10 10 12 12 12 12 12 12 12 12 16 16 16 16 16 16 16 16 16 16 16 19 26 26 26 26 26 26 26 26 26 
1 1 5 5 6 6 6 8 8 8 8 8 8 8 8 8 8 10 10 12 12 12 12 12 12 12 16 16 16 16 16 16 16 16 16 16 16 16 19 26 26 26 26 26 26 26 26 26 
1 5 5 5 6 6 6 8 8 8 8 8 8 8 8 8 10 10 12 12 12 12 12 12 12 12 16 16 16 16 16 16 16 16 16 16 16 19 19 26 26 26 26 26 26 26 26 26 
5 5 5 5 6 6 8 8 8 8 8 8 8 8 8 10 10 10 12 12 12 12 12 12 12 16 16 16 16 16 16 16 16 16 16 16 16 19 26 26 26 26 26 26 26 26 26 26 
5 5 5 6 6 6 8 8 8 8 8 8 8 8 8 10 10 12 12 12 12 12 12 12 12 16 16 16 16 16 16 16 16 16 16 16 19 19 26 26 26 26 26 26 26 26 26 26 
5 5 5 6 6 6 8 8 8 8 8 8 8 8 10 10 10 12 12 12 12 12 12 12 12 16 16 16 16 16 16 16 16 16 16 16 19 26 26 26 26 26 26 26 26 26 26 26 
5 5 6 6 6 8 8 8 8 8 8 8 8 10 10 10 10 12 12 12 12 12 12 12 16 16 16 16 16 16 16 16 16 16 16 19 19 26 26 26 26 26 26 26 26 26 26 26 
5 5 6 6 6 8 8 8 8 8 8 8 8 10 10 10 12 12 12 12 12 12 12 12 16 16 16 16 16 16 16 16 16 16 19 19 26 26 26 26 26 26 26 26 26 26 26 26 
5 6 6 6 6 8 8 8 8 8 8 8 10 10 10 10 12 12 12 12 12 12 12 16 16 16 16 16 16 16 16 16 16 16 19 19 26 26 26 26 26 26 26 26 26 26 26 26 
5 6 6 6 8 8 8 8 8 8 8 10 10 10 10 12 12 12 12 12 12 12 12 16 16 16 16 16 16 16 16 16 16 19 19 26 26 26 26 26 26 26 26 26 26 26 26 26 
6 6 6 7 8 8 8 8 8 8 8 10 10 10 10 12 12 12 12 12 12 12 16 16 16 16 16 16 16 16 16 16 16 19 19 26 26 26 26 26 26 26 26 26 26 26 26 26 
6 7 7 7 8 8 8 8 8 8 10 10 10 10 10 12 12 12 12 12 12 12 16 16 16 16 16 16 16 16 16 16 19 19 26 26 26 26 26 26 26 26 26 26 26 26 26 26 
7 7 7 7 8 8 8 8 8 10 10 10 10 10 12 12 12 12 12 12 12 16 16 16 16 16 16 16 16 16 16 19 19 19 26 26 26 26 26 26 26 26 26 26 26 26 26 26 
7 7 7 7 8 8 8 8 8 10 10 10 10 10 12 12 12 12 12 12 12 16 16 16 16 16 16 16 16 16 16 19 19 19 26 26 26 26 26 26 26 26 26 26 26 26 26 26 
7 7 7 7 8 8 8 8 10 10 10 10 10 12 12 12 12 12 12 12 12 16 16 16 16 16 16 16 16 16 19 19 19 26 26 26 26 26 26 26 26 26 26 26 26 26 26 26 
7 7 7 7 8 8 8 10 10 10 10 10 10 12 12 12 12 12 12 12 16 16 16 16 16 16 16 16 16 16 19 19 19 26 26 26 26 26 26 26 26 26 26 26 26 26 26 26 
7 7 7 7 8 8 8 10 10 10 10 10 12 12 12 12 12 12 12 12 16 16 16 16 16 16 16 16 16 19 19 19 26 26 26 26 26 26 26 26 26 26 26 26 26 26 26 26 
7 7 7 7 8 8 10 10 10 10 10 10 12 12 12 12 12 12 12 16 16 16 16 16 16 16 16 16 16 19 19 19 26 26 26 26 26 26 26 26 26 26 26 26 26 26 26 26 
7 7 7 9 9 10 10 10 10 10 10 2 12 12 12 12 12 12 12 16 16 16 16 16 16 16 16 16 19 19 19 26 26 26 26 26 26 26 26 26 26 26 26 26 26 26 26 26 
7 7 9 9 9 10 10 10 10 10 2 2 12 12 12 12 12 12 16 16 16 16 16 16 16 16 16 19 19 19 19 26 26 26 26 26 26 26 26 26 26 26 26 26 26 26 26 26 
7 9 9 9 9 10 10 10 10 10 2 12 12 12 12 12 12 12 16 16 16 16 16 16 16 16 16 19 19 19 26 26 26 26 26 26 26 26 26 26 26 26 26 26 26 26 26 15 
9 9 9 9 9 10 10 10 10 2 2 12 12 12 12 12 12 12 16 16 16 16 16 16 16 16 19 19 19 19 26 26 26 26 26 26 26 26 26 26 26 26 26 26 26 26 26 15 
9 9 9 9 9 10 10 10 2 2 2 12 12 12 12 12 12 16 16 16 16 16 16 16 16 16 19 19 19 26 26 26 26 26 26 26 26 26 26 26 26 26 26 26 26 26 15 15 
9 9 9 9 9 10 10 10 2 2 12 12 12 12 12 12 12 16 16 16 16 16 16 16 16 19 19 19 19 26 26 26 26 26 26 26 26 26 26 26 26 26 26 26 26 26 15 15 
9 9 9 9 9 10 10 2 2 2 12 12 12 12 12 12 16 16 16 16 16 16 16 16 19 19 19 19 26 26 26 26 26 26 26 26 26 26 26 26 26 26 26 26 26 15 15 15 
9 9 9 9 9 10 2 2 2 2 12 12 12 12 12 12 16 16 16 16 16 16 16 16 19 19 19 19 26 26 26 26 26 26 26 26 26 26 26 26 26 26 26 26 26 15 15 15 
9 9 9 9 9 10 2 2 2 12 12 12 12 12 12 16 16 16 16 16 16 16 16 19 19 19 19 19 26 26 26 26 26 26 26 26 26 26 26 26 26 26 26 26 15 15 15 15 
9 9 9 9 9 2 2 2 2 12 12 12 12 12 12 16 16 16 16 16 16 16 16 19 19 19 19 26 26 26 26 26 26 26 26 26 26 26 26 26 26 26 26 26 15 15 15 15 
9 9 9 9 9 2 2 2 2 12 12 12 12 12 12 16 16 16 16 16 16 16 19 19 19 19 19 26 26 26 26 26 26 26 26 26 26 26 26 26 26 26 26 15 15 15 15 15 
9 9 9 9 9 2 2 2 2 12 12 12 12 12 16 16 16 16 16 16 16 19 19 19 19 19 26 26 26 26 26 26 26 26 26 26 26 26 26 26 26 26 15 15 15 15 15 15 
9 9 9 9 2 2 2 2 12 12 12 12 12 12 16 16 16 16 16 16 16 19 19 19 19 19 26 26 26 26 26 26 26 26 26 26 26 26 26 26 26 26 15 15 15 15 15 15 
9 9 9 9 2 2 2 2 12 12 12 12 12 16 16 16 16 16 16 16 19 19 19 19 19 26 26 26 26 26 26 26 26 26 26 26 26 26 26 26 26 15 15 15 15 15 15 15 
9 9 9 17 11 11 11 11 12 12 12 12 12 16 16 16 16 16 16 16 19 19 19 19 19 26 26 26 26 26 26 26 26 26 26 26 26 26 26 26 26 15 15 15 15 15 15 15 
9 17 17 17 11 11 11 11 12 12 12 12 16 16 16 16 16 16 16 19 19 19 19 19 26 26 26 26 26 26 26 26 26 26 26 26 26 26 26 26 15 15 15 15 15 15 15 15 
17 17 17 17 17 11 11 11 12 12 12 12 16 16 16 16 16 16 16 19 19 19 19 19 26 26 26 26 26 26 26 26 26 26 26 26 26 26 26 26 15 15 15 15 15 15 15 15 
17 17 17 17 17 11 11 11 12 12 12 16 16 16 16 16 16 16 19 19 19 19 19 26 26 26 26 26 26 26 26 26 26 26 26 26 26 26 26 15 15 15 15 15 15 15 15 15 
17 17 17 17 17 11 11 11 12 12 12 16 16 16 16 16 16 19 19 19 19 19 19 26 26 26 26 26 26 26 26 26 26 26 26 26 26 26 15 15 15 15 15 15 15 15 15 15 
17 17 17 17 17 17 11 11 12 12 12 16 16 16 16 16 16 19 19 19 19 19 26 26 26 26 26 26 26 26 26 26 26 26 26 26 26 26 15 15 15 15 15 15 15 15 15 15 
17 17 17 17 17 17 11 11 12 12 16 16 16 16 16 16 19 19 19 19 19 19 26 26 26 26 26 26 26 26 26 26 26 26 26 26 26 15 15 15 15 15 15 15 15 15 15 15 
17 17 17 17 17 17 11 11 18 18 16 16 16 16 16 16 19 19 19 19 19 19 26 26 26 26 26 26 26 26 26 26 26 26 26 26 26 15 15 15 15 15 15 15 15 15 15 15 
17 17 17 17 17 17 17 18 18 18 16 16 16 16 16 19 19 19 19 19 19 26 26 26 26 26 26 26 26 26 26 26 26 26 26 26 15 15 15 15 15 15 15 15 15 15 15 31 
17 17 17 17 17 17 17 18 18 18 16 16 16 16 19 19 19 19 19 19 19 26 26 26 26 26 26 26 26 26 26 26 26 26 26 26 15 15 15 15 15 15 15 15 15 15 15 31 
17 17 17 17 17 17 17 18 18 18 16 16 16 16 19 19 19 19 19 19 26 26 26 26 26 26 26 26 26 26 26 26 26 26 26 15 15 15 15 15 15 15 15 15 15 15 31 31 
17 17 17 17 17 17 17 18 18 18 16 16 16 19 19 19 19 19 19 19 26 26 26 26 26 26 26 26 26 26 26 26 26 26 26 15 15 15 15 15 15 15 15 15 15 15 31 31 
17 17 17 17 17 17 17 18 18 18 16 16 16 19 19 19 19 19 19 26 26 26 26 26 26 26 26 26 26 26 26 26 26 26 15 15 15 15 15 15 15 15 15 15 15 31 31 31 
17 17 17 17 17 17 17 18 18 18 16 16 19 19 19 19 19 19 19 26 26 26 26 26 26 26 26 26 26 26 26 26 26 15 15 15 15 15 15 15 15 15 15 15 15 31 31 31 
17 17 17 17 17 17 17 18 18 22 16 16 19 19 19 19 19 19 26 26 26 26 26 26 26 26 26 26 26 26 26 26 26 15 15 15 15 15 15 15 15 15 15 15 31 31 31 31 
17 17 17 17 17 17 21 18 18 22 22 19 19 19 19 19 19 24 26 26 26 26 26 26 26 26 26 26 26 26 26 26 15 15 15 15 15 15 15 15 15 15 15 15 31 31 31 31 
17 17 17 17 17 21 21 21 22 22 22 19 19 19 19 19 24 24 26 26 26 26 26 26 26 26 26 26 26 26 26 26 15 15 15 15 15 15 15 15 15 15 15 31 31 31 31 31 
17 17 17 17 21 21 21 21 22 22 22 19 19 19 19 19 24 26 26 26 26 26 26 26 26 26 26 26 26 26 26 15 15 15 15 15 15 15 15 15 15 15 15 31 31 31 31 31 
17 17 17 17 21 21 21 21 22 22 22 19 19 19 19 24 24 26 26 26 26 26 26 26 26 26 26 26 26 26 26 15 15 15 15 15 15 15 15 15 15 15 31 31 31 31 31 31 
17 17 17 21 21 21 21 21 22 22 22 19 19 19 24 24 24 26 26 26 26 26 26 26 26 26 26 26 26 26 15 15 15 15 15 15 15 15 15 15 15 15 31 31 31 31 31 31 
17 17 21 21 21 21 21 21 22 22 22 19 19 24 24 24 26 26 26 26 26 26 26 26 26 26 26 26 26 15 15 15 15 15 15 15 15 15 15 15 15 31 31 31 31 31 31 31 
17 21 21 21 21 21 21 21 22 22 22 19 24 24 24 24 26 26 26 26 26 26 26 26 26 26 26 26 26 15 15 15 15 15 15 15 15 15 15 15 15 31 31 31 31 31 31 31 
17 21 21 21 21 21 21 21 21 22 22 24 24 24 24 24 26 26 26 26 26 26 26 26 26 26 26 26 15 15 15 15 15 15 15 15 15 15 15 15 31 31 31 31 31 31 31 31 
21 21 21 21 21 21 21 21 21 20 20 24 24 24 24 26 26 26 26 26 26 26 26 26 26 26 26 26 15 15 15 15 15 15 15 15 15 15 15 15 31 31 31 31 31 31 31 31 
21 21 21 21 21 21 21 21 21 20 20 24 24 24 24 26 26 26 26 26 26 26 26 26 26 26 26 15 15 15 15 15 15 15 15 15 15 15 15 31 31 31 31 31 31 31 31 31 
21 21 21 21 21 21 21 21 21 20 20 20 24 24 24 26 26 26 26 26 26 26 26 26 26 26 26 15 15 15 15 15 15 15 15 15 15 15 31 31 31 31 31 31 31 31 31 31 
21 21 21 21 21 21 21 21 20 20 20 20 24 24 26 26 26 26 26 26 26 26 26 26 26 26 15 15 15 15 15 15 15 15 15 15 15 15 31 31 31 31 31 31 31 31 31 31 
21 21 21 21 21 21 21 21 20 20 20 20 24 24 26 26 26 26 26 26 26 26 26 26 26 23 15 15 15 15 15 15 15 15 15 15 15 31 31 31 31 31 31 31 31 31 31 31 
21 21 21 21 21 21 21 21 20 20 20 20 24 24 26 26 26 26 26 26 26 26 26 26 23 15 15 15 15 15 15 15 15 15 15 15 15 31 31 31 31 31 31 31 31 31 31 31 
21 21 21 21 21 21 21 21 20 20 20 20 25 25 26 26 26 26 26 26 26 26 26 23 23 15 15 15 15 15 15 15 15 15 15 15 31 31 31 31 31 31 31 31 31 31 31 31 
21 21 21 21 21 21 21 13 20 20 20 20 25 25 26 26 26 26 26 26 26 26 23 23 15 15 15 15 15 15 15 15 15 15 15 15 31 31 31 31 31 31 31 31 31 31 31 31 
21 21 21 21 21 21 13 13 13 20 20 25 25 25 26 26 26 26 26 26 26 23 23 23 15 15 15 15 15 15 15 15 15 15 15 31 31 31 31 31 31 31 31 31 31 31 31 31 
21 21 21 21 21 21 13 13 13 13 20 25 25 25 26 26 26 26 26 26 23 23 23 15 15 15 15 15 15 15 15 15 15 15 15 31 31 31 31 31 31 31 31 31 31 31 31 31 
21 21 21 21 21 13 13 13 13 13 20 25 25 25 26 26 26 26 23 23 23 23 23 15 15 15 15 15 15 15 15 15 15 15 31 31 31 31 31 31 31 31 31 31 31 31 31 31 
21 21 21 21 13 13 13 13 13 13 13 25 25 25 26 26 26 23 23 23 23 23 23 15 15 15 15 15 15 15 15 15 15 15 31 31 31 31 31 31 31 31 31 31 31 31 31 31 
21 21 21 13 13 13 13 13 13 13 13 25 25 25 26 26 23 23 23 23 23 23 15 15 15 15 15 15 15 15 15 15 15 31 31 31 31 31 31 31 31 31 31 31 31 31 31 31 
21 21 21 13 13 13 13 13 13 13 13 25 25 25 26 23 23 23 23 23 23 23 15 15 15 15 15 15 15 15 15 15 15 31 31 31 31 31 31 31 31 31 31 31 31 31 31 31 
21 21 13 13 13 13 13 13 13 13 13 27 27 27 23 23 23 23 23 23 23 15 15 15 15 15 15 15 15 15 15 15 31 31 31 31 31 31 31 31 31 31 31 31 31 31 31 31 
21 13 13 13 13 13 13 13 13 13 13 27 27 27 23 23 23 23 23 23 23 15 15 15 15 15 15 15 15 15 15 15 31 31 31 31 31 31 31 31 31 31 31 31 31 31 31 31 
13 13 13 13 13 13 13 13 13 13 13 27 27 27 23 23 23 23 23 23 23 15 15 15 15 15 15 15 15 15 15 31 31 31 31 31 31 31 31 31 31 31 31 31 31 31 31 31 
13 13 13 13 13 13 13 13 13 13 13 27 27 27 23 23 23 23 23 23 15 15 15 15 15 15 15 15 15 15 15 31 31 31 31 31 31 31 31 31 31 31 31 31 31 31 31 31 
13 13 13 13 13 13 13 13 13 13 27 27 27 27 23 23 23 23 23 23 15 15 15 15 15 15 15 15 15 15 31 31 31 31 31 31 31 31 31 31 31 31 31 31 31 31 31 31 
13 13 13 13 13 13 13 13 13 13 27 27 27 27 23 23 23 23 23 15 15 15 15 15 15 15 15 15 15 31 31 31 31 31 31 31 31 31 31 31 31 31 31 31 31 31 31 31 
13 13 13 13 13 13 13 13 13 13 27 27 27 27 23 23 23 23 23 15 15 15 15 15 15 15 15 15 15 31 31 31 31 31 31 31 31 31 31 31 31 31 31 31 31 31 31 31 
13 13 13 13 13 13 13 13 13 13 27 27 27 27 23 23 23 29 29 15 15 15 15 15 15 15 15 15 31 31 31 31 31 31 31 31 31 31 31 31 31 31 31 31 31 31 31 31 
13 13 13 13 13 13 13 13 13 13 27 27 27 27 23 23 29 29 29 15 15 15 15 15 15 15 15 15 31 31 31 31 31 31 31 31 31 31 31 31 31 31 31 31 31 31 31 31 
13 13 13 13 13 13 13 13 13 13 27 27 27 28 28 29 29 29 15 15 15 15 15 15 15 15 15 31 31 31 31 31 31 31 31 31 31 31 31 31 31 31 31 31 31 31 31 31 
13 13 13 13 13 13 13 13 13 13 27 28 28 28 28 29 29 29 15 15 15 15 15 15 15 15 15 31 31 31 31 31 31 31 31 31 31 31 31 31 31 31 31 31 31 31 31 3 
13 13 13 13 13 13 13 13 13 13 28 28 28 28 28 29 29 29 15 15 15 15 15 15 15 15 31 31 31 31 31 31 31 31 31 31 31 31 31 31 31 31 31 31 31 31 31 3 
13 13 13 13 13 13 13 13 13 28 28 28 28 28 28 29 29 29 15 15 15 15 15 15 15 15 31 31 31 31 31 31 31 31 31 31 31 31 31 31 31 31 31 31 31 31 3 3 
13 13 13 13 13 13 13 13 13 28 28 28 28 28 28 29 29 29 15 15 15 15 15 15 15 31 31 31 31 31 31 31 31 31 31 31 31 31 31 31 31 31 31 31 31 3 3 3 
13 13 13 13 13 13 13 13 13 28 28 28 28 28 28 29 29 29 15 15 15 15 15 15 15 31 31 31 31 31 31 31 31 31 31 31 31 31 31 31 31 31 31 31 3 3 3 3 
13 13 13 13 13 13 13 13 28 28 28 28 28 28 28 29 29 29 15 15 15 15 15 15 31 31 31 31 31 31 31 31 31 31 31 31 31 31 31 31 31 31 31 31 3 3 3 3 
13 13 13 13 13 13 13 13 28 28 28 28 28 28 28 29 29 29 15 15 15 15 15 15 31 31 31 31 31 31 31 31 31 31 31 31 31 31 31 31 31 31 31 3 3 3 3 3 
13 13 13 13 13 13 13 13 28 28 28 28 28 28 28 29 29 15 15 15 15 15 15 31 31 31 31 31 31 31 31 31 31 31 31 31 31 31 31 31 31 31 3 3 3 3 3 3 
13 13 13 13 13 13 13 13 28 28 28 28 28 28 28 29 29 15 15 15 15 15 15 31 31 31 31 31 31 31 31 31 31 31 31 31 31 31 31 31 31 31 3 3 3 3 3 3 
13 13 13 13 13 13 13 28 28 28 28 28 28 28 28 29 29 15 15 15 15 15 31 31 31 31 31 31 31 31 31 31 31 31 31 31 31 31 31 31 31 3 3 3 3 3 3 3 
13 13 13 13 13 13 13 28 28 28 28 28 28 28 28 29 29 15 15 15 15 15 31 31 31 31 31 31 31 31 31 31 31 31 31 31 31 31 31 31 3 3 3 3 3 3 3 3 
13 13 13 13 13 13 13 28 28 28 28 28 28 28 28 29 29 15 15 15 15 31 31 31 31 31 31 31 31 31 31 31 31 31 31 31 31 31 31 31 3 3 3 3 3 3 3 3 
13 13 13 13 13 13 28 28 28 28 28 28 28 28 14 14 30 30 30 15 15 31 31 31 31 31 31 31 31 31 31 31 31 31 31 31 31 31 31 3 3 3 3 3 3 3 3 3 
13 13 13 13 13 13 28 28 28 28 28 28 28 28 14 14 30 30 30 30 31 31 31 31 31 31 31 31 31 31 31 31 31 31 31 31 31 31 3 3 3 3 3 3 3 3 3 3 
13 13 13 13 13 13 28 28 28 28 28 28 28 14 14 14 14 30 30 30 31 31 31 31 31 31 31 31 31 31 31 31 31 31 31 31 31 3 3 3 3 3 3 3 3 3 3 3 
13 13 13 13 13 28 28 28 28 28 28 28 14 14 14 14 14 30 30 30 31 31 31 31 31 31 31 31 31 31 31 31 31 31 31 31 31 3 3 3 3 3 3 3 3 3 3 3 
13 13 13 13 13 28 28 28 28 28 28 14 14 14 14 14 14 30 30 30 31 31 31 31 31 31 31 31 31 31 31 31 31 31 31 31 3 3 3 3 3 3 3 3 3 3 3 3 
13 13 13 13 13 28 28 28 28 28 28 14 14 14 14 14 14 30 30 30 31 31 31 31 31 31 31 31 31 31 31 31 31 31 31 3 3 3 3 3 3 3 3 3 3 3 3 3 
13 13 13 13 28 28 28 28 28 28 14 14 14 14 14 14 14 30 30 30 31 31 31 31 31 31 31 31 31 31 31 31 31 31 31 3 3 3 3 3 3 3 3 3 3 3 3 3 
13 13 13 13 28 28 28 28 28 14 14 14 14 14 14 14 14 30 30 30 31 31 31 31 31 31 31 31 31 31 31 31 31 31 3 3 3 3 3 3 3 3 3 3 3 3 3 3 
13 13 13 13 28 28 28 28 14 14 14 14 14 14 14 14 14 30 30 30 31 31 31 31 31 31 31 31 31 31 31 31 31 3 3 3 3 3 3 3 3 3 3 3 3 3 3 3 
13 13 13 28 28 28 28 28 14 14 14 14 14 14 14 14 14 30 30 30 31 31 31 31 31 31 31 31 31 31 31 31 3 3 3 3 3 3 3 3 3 3 3 3 3 3 3 3 
13 13 13 28 28 28 28 14 14 14 14 14 14 14 14 14 14 30 30 30 31 31 31 31 31 31 31 31 31 31 31 31 3 3 3 3 3 3 3 3 3 3 3 3 3 3 3 3 
13 13 13 28 28 28 14 14 14 14 14 14 14 14 14 14 14 30 30 30 31 31 31 31 31 31 31 31 31 31 31 3 3 3 3 3 3 3 3 3 3 3 3 3 3 3 3 3 
13 13 28 28 28 14 14 14 14 14 14 14 14 14 14 14 14 30 30 30 31 31 31 31 31 31 31 31 31 31 3 3 3 3 3 3 3 3 3 3 3 3 3 3 3 3 3 3 
13 13 28 28 28 14 14 14 14 14 14 14 14 14 14 14 14 30 30 30 31 31 31 31 31 31 31 4 4 4 3 3 3 3 3 3 3 3 3 3 3 3 3 3 3 3 3 3 
13 13 28 28 14 14 14 14 14 14 14 14 14 14 14 14 14 30 30 30 31 4 4 4 4 4 4 4 4 3 3 3 3 3 3 3 3 3 3 3 3 3 3 3 3 3 3 3 
13 28 28 14 14 14 14 14 14 14 14 14 14 14 14 14 14 14 30 4 4 4 4 4 4 4 4 4 4 3 3 3 3 3 3 3 3 3 3 3 3 3 3 3 3 3 3 3 
13 28 14 14 14 14 14 14 14 14 14 14 14 14 14 14 14 14 30 4 4 4 4 4 4 4 4 4 4 3 3 3 3 3 3 3 3 3 3 3 3 3 3 3 3 3 3 3 
13 28 14 14 14 14 14 14 14 14 14 14 14 14 14 14 14 14 4 4 4 4 4 4 4 4 4 4 3 3 3 3 3 3 3 3 3 3 3 3 3 3 3 3 3 3 3 3 
28 14 14 14 14 14 14 14 14 14 14 14 14 14 14 14 14 14 4 4 4 4 4 4 4 4 4 4 3 3 3 3 3 3 3 3 3 3 3 3 3 3 3 3 3 3 3 3 
14 14 14 14 14 14 14 14 14 14 14 14 14 14 14 14 14 14 4 4 4 4 4 4 4 4 4 3 3 3 3 3 3 3 3 3 3 3 3 3 3 3 3 3 3 3 3 3 
14 14 14 14 14 14 14 14 14 14 14 14 14 14 14 14 14 4 4 4 4 4 4 4 4 4 4 3 3 3 3 3 3 3 3 3 3 3 3 3 3 3 3 3 3 3 3 3 
14 14 14 14 14 14 14 14 14 14 14 14 14 14 14 14 14 4 4 4 4 4 4 4 4 4 4 3 3 3 3 3 3 3 3 3 3 3 3 3 3 3 3 3 3 3 3 3 
14 14 14 14 14 14 14 14 14 14 14 14 14 14 14 14 14 4 4 4 4 4 4 4 4 4 3 3 3 3 3 3 3 3 3 3 3 3 3 3 3 3 3 3 3 3 3 3 
14 14 14 14 14 14 14 14 14 14 14 14 14 14 14 14 14 4 4 4 4 4 4 4 4 4 3 3 3 3 3 3 3 3 3 3 3 3 3 3 3 3 3 3 3 3 3 3 
14 14 14 14 14 14 14 14 14 14 14 14 14 14 14 14 14 4 4 4 4 4 4 4 4 3 3 3 3 3 3 3 3 3 3 3 3 3 3 3 3 3 3 3 3 3 3 3 
14 14 14 14 14 14 14 14 14 14 14 14 14 14 14 14 4 4 4 4 4 4 4 4 4 3 3 3 3 3 3 3 3 3 3 3 3 3 3 3 3 3 3 3 3 3 3 3 
14 14 14 14 14 14 14 14 14 14 14 14 14 14 14 14 4 4 4 4 4 4 4 4 4 3 3 3 3 3 3 3 3 3 3 3 3 3 3 3 3 3 3 3 3 3 3 3 
14 14 14 14 14 14 14 14 14 14 14 14 14 14 14 14 4 4 4 4 4 4 4 4 3 3 3 3 3 3 3 3 3 3 3 3 3 3 3 3 3 3 3 3 3 3 3 3 
14 14 14 14 14 14 14 14 14 14 14 14 14 14 14 14 4 4 4 4 4 4 4 4 3 3 3 3 3 3 3 3 3 3 3 3 3 3 3 3 3 3 3 3 3 3 3 3 
14 14 14 14 14 14 14 14 14 14 14 14 14 14 14 14 4 4 4 4 4 4 4 3 3 3 3 3 3 3 3 3 3 3 3 3 3 3 3 3 3 3 3 3 3 3 3 3 
14 14 14 14 14 14 14 14 14 14 14 14 14 14 14 4 4 4 4 4 4 4 4 3 3 3 3 3 3 3 3 3 3 3 3 3 3 3 3 3 3 3 3 3 3 3 3 3 
14 14 14 14 14 14 14 14 14 14 14 14 14 14 14 4 4 4 4 4 4 4 4 3 3 3 3 3 3 3 3 3 3 3 3 3 3 3 3 3 3 3 3 3 3 3 3 3 
14 14 14 14 14 14 14 14 14 14 14 14 14 14 14 4 4 4 4 4 4 4 3 3 3 3 3 3 3 3 3 3 3 3 3 3 3 3 3 3 3 3 3 3 3 3 3 3 
14 14 14 14 14 14 14 14 14 14 14 14 14 14 14 4 4 4 4 4 4 4 3 3 3 3 3 3 3 3 3 3 3 3 3 3 3 3 3 3 3 3 3 3 3 3 3 3 
14 14 14 14 14 14 14 14 14 14 14 14 14 14 14 4 4 4 4 4 4 3 3 3 3 3 3 3 3 3 3 3 3 3 3 3 3 3 3 3 3 3 3 3 3 3 3 3 
14 14 14 14 14 14 14 14 14 14 14 14 14 14 4 4 4 4 4 4 4 3 3 3 3 3 3 3 3 3 3 3 3 3 3 3 3 3 3 3 3 3 3 3 3 3 3 3 
14 14 14 14 14 14 14 14 14 14 14 14 14 14 4 4 4 4 4 4 4 3 3 3 3 3 3 3 3 3 3 3 3 3 3 3 3 3 3 3 3 3 3 3 3 3 3 3 
14 14 14 14 14 14 14 14 14 14 14 14 14 14 4 4 4 4 4 4 3 3 3 3 3 3 3 3 3 3 3 3 3 3 3 3 3 3 3 3 3 3 3 3 3 3 3 3 
14 14 14 14 14 14 14 14 14 14 14 14 14 14 4 4 4 4 4 4 3 3 3 3 3 3 3 3 3 3 3 3 3 3 3 3 3 3 3 3 3 3 3 3 3 3 3 3 
14 14 14 14 14 14 14 14 14 14 14 14 14 14 4 4 4 4 4 3 3 3 3 3 3 3 3 3 3 3 3 3 3 3 3 3 3 3 3 3 3 3 3 3 3 3 3 3 
14 14 14 14 14 14 14 14 14 14 14 14 14 4 4 4 4 4 4 3 3 3 3 3 3 3 3 3 3 3 3 3 3 3 3 3 3 3 3 3 3 3 3 3 3 3 3 3 
14 14 14 14 14 14 14 14 14 14 14 14 14 4 4 4 4 4 4 3 3 3 3 3 3 3 3 3 3 3 3 3 3 3 3 3 3 3 3 3 3 3 3 3 3 3 3 3 
14 14 14 14 14 14 14 14 14 14 14 14 14 4 4 4 4 4 3 3 3 3 3 3 3 3 3 3 3 3 3 3 3 3 3 3 3 3 3 3 3 3 3 3 3 3 3 3 
14 14 14 14 14 14 14 14 14 14 14 14 14 4 4 4 4 4 3 3 3 3 3 3 3 3 3 3 3 3 3 3 3 3 3 3 3 3 3 3 3 3 3 3 3 3 3 3 
14 14 14 14 14 14 14 14 14 14 14 14 14 4 4 4 4 3 3 3 3 3 3 3 3 3 3 3 3 3 3 3 3 3 3 3 3 3 3 3 3 3 3 3 3 3 3 3 
14 14 14 14 14 14 14 14 14 14 14 14 4 4 4 4 4 3 3 3 3 3 3 3 3 3 3 3 3 3 3 3 3 3 3 3 3 3 3 3 3 3 3 3 3 3 3 3 
14 14 14 14 14 14 14 14 14 14 14 14 4 4 4 4 4 3 3 3 3 3 3 3 3 3 3 3 3 3 3 3 3 3 3 3 3 3 3 3 3 3 3 3 3 3 3 3 
14 14 14 14 14 14 14 14 14 14 14 14 4 4 4 4 3 3 3 3 3 3 3 3 3 3 3 3 3 3 3 3 3 3 3 3 3 3 3 3 3 3 3 3 3 3 3 3 
14 14 14 14 14 14 14 14 14 14 14 14 4 4 4 4 3 3 3 3 3 3 3 3 3 3 3 3 3 3 3 3 3 3 3 3 3 3 3 3 3 3 3 3 3 3 3 3 
14 14 14 14 14 14 14 14 14 14 14 4 4 4 4 4 3 3 3 3 3 3 3 3 3 3 3 3 3 3 3 3 3 3 3 3 3 3 3 3 3 3 3 3 3 3 3 3 
14 14 14 14 14 14 14 14 14 14 14 4 4 4 4 3 3 3 3 3 3 3 3 3 3 3 3 3 3 3 3 3 3 3 3 3 3 3 3 3 3 3 3 3 3 3 3 3 
